0 5.3387895 5.365143
50 0.26535466 0.27083647
100 0.225922 0.23430881
150 0.15489772 0.16891304
200 0.19584487 0.21435948
250 0.13976425 0.15900098
300 0.1379823 0.15523502
350 0.122615375 0.14899349
400 0.10398191 0.13233405
450 0.16640899 0.19263926
500 0.13336532 0.16358554
550 0.09855021 0.13203861
600 0.0931838 0.13254702
650 0.087619945 0.12929921
700 0.08502959 0.12607457
750 0.073206484 0.11646769
800 0.08118655 0.12321372
850 0.09921089 0.13764113
900 0.12634718 0.16960022
950 0.103978716 0.14182177
1000 0.10442515 0.15018792
1050 0.09302904 0.13731794
1100 0.10281701 0.14466992
1150 0.08970858 0.13071394
1200 0.1043745 0.15483104
1250 0.12828864 0.17620265
1300 0.11246821 0.16007629
1350 0.08459122 0.13090503
1400 0.07490072 0.1202986
1450 0.06487524 0.11886465
1500 0.075604394 0.12835222
1550 0.09623543 0.15086904
1600 0.058902886 0.116740294
1650 0.06332199 0.11572845
1700 0.057018097 0.11080169
1750 0.06760743 0.11957692
1800 0.054013398 0.11127649
1850 0.076849945 0.13423516
1900 0.10892047 0.16647318
1950 0.087788895 0.1476911
2000 0.08811916 0.14885665
2050 0.072165556 0.1316767
2100 0.07179335 0.13080406
2150 0.088137835 0.14863452
2200 0.097735934 0.15811509
2250 0.07139141 0.13835521
2300 0.04819896 0.11199578
2350 0.06226768 0.12764429
2400 0.061738268 0.12186307
2450 0.08069309 0.14626536
2500 0.04821656 0.116135314
2550 0.08329596 0.15437448
2600 0.042918567 0.11277504
2650 0.044211254 0.11070348
2700 0.06176388 0.12780376
2750 0.05530122 0.12685753
2800 0.047073003 0.11794922
2850 0.06134351 0.13298415
2900 0.05877868 0.12670861
2950 0.06007077 0.12564453
3000 0.047086548 0.10985314
3050 0.044035997 0.11298093
3100 0.0961037 0.16202654
3150 0.07890784 0.14575386
3150 0.07890784 0.14575386
3200 0.0481681 0.11606453
3250 0.07272132 0.14008473
3300 0.049106244 0.11891324
3350 0.039545387 0.103254296
3400 0.047732394 0.11821404
3450 0.06290474 0.12817846
3500 0.03981413 0.10828377
3550 0.04526746 0.10975688
3600 0.059967473 0.13185626
3650 0.045305047 0.11506041
3700 0.06517392 0.1356641
3750 0.050564956 0.11630328
3800 0.06144021 0.13054259
3850 0.05132709 0.11845686
3900 0.043972354 0.11165443
3950 0.07952892 0.15054102
4000 0.04767539 0.11756139
4050 0.054492548 0.12133724
4100 0.05901696 0.12715743
4150 0.04042556 0.11185656
4200 0.03853923 0.110621475
4250 0.0521692 0.119389646
4300 0.040565383 0.11229192
4350 0.0487867 0.12202207
4400 0.040159702 0.11633985
4450 0.043922927 0.115413666
4500 0.045110635 0.11889831
4550 0.035823874 0.107757665
4600 0.041825306 0.11358505
4650 0.04981636 0.12259908
4700 0.058707252 0.12810996
4750 0.050703213 0.11812078
4800 0.044188283 0.11623814
4850 0.036274068 0.106603615
4900 0.038650572 0.107921645
4950 0.04242415 0.11680742
5000 0.044006523 0.11769512
5050 0.034951035 0.10804633
5100 0.075294904 0.14520824
5150 0.06347909 0.1392044
5200 0.050515197 0.12232596
5250 0.051113605 0.122261845
5300 0.06692771 0.14519161
5350 0.096272625 0.16419499
5400 0.035562735 0.10809276
5450 0.0592448 0.1336184
5500 0.04690426 0.124708466
5550 0.056278523 0.13182501
5600 0.064293675 0.13873674
5650 0.054574143 0.13503982
5700 0.050092004 0.12737992
5750 0.04061133 0.12045249
5800 0.060011476 0.14531116
