0 0 0.0 0 0.5372472810337185
50 0.9068357661322486 0.8376188020334487 0.8708540788969743 0.885036309706454
100 0.8550580431177446 0.9496795107934871 0.8998882993577213 0.9022194947325355
150 0.9102136418482504 0.9448169159360496 0.92719253850047 0.9313354471378406
200 0.8674249983369919 0.9607308627422088 0.9116968468153535 0.9138795131430909
250 0.9305342955025877 0.9405437265158771 0.935512238018467 0.9399952268930483
300 0.9527949363227332 0.9205039416488617 0.9363711309300757 0.9421090314002251
350 0.927236552263199 0.9613939438591321 0.9440063662012587 0.9472230745627493
400 0.9545488413680053 0.9438591321004937 0.949173890494184 0.9532235518734444
450 0.9038139145012574 0.9532896190967362 0.9278927175588942 0.931437728001091
500 0.9530491504854369 0.92573491490459 0.9391934820794559 0.9445296784971532
550 0.9657586364328108 0.9350917262211744 0.9501778027325473 0.9546213903378677
600 0.9430201487686863 0.9620570249760554 0.9524434719183078 0.9555419181071222
650 0.9655224443606186 0.9429013482649378 0.954077829133741 0.9579966588251339
700 0.9585812016656752 0.9497531864731452 0.9541467747307649 0.9577580034775494
750 0.9644908616187989 0.9525528623001547 0.9584846912298909 0.9618151443864853
800 0.941096866096866 0.9734767553230679 0.9570130011226595 0.9595308717738911
850 0.9424465626805315 0.9615412952184484 0.9518981802268335 0.9550305137908697
900 0.9289856109957764 0.9560892949237457 0.9423426040229469 0.9458593297194094
950 0.9619400726392252 0.9366389154939955 0.9491209078353056 0.953530394463196
1000 0.9357948864447936 0.9653724305606719 0.950353581142339 0.9533258327366949
1050 0.9491042047531992 0.9562366462830619 0.9526570757486787 0.9560192288022911
1100 0.9380689556304208 0.9641936196861416 0.9509518965266678 0.9539736115372813
1150 0.9543516612760953 0.9565313490016946 0.9554402619862384 0.9587126248678872
1200 0.9464128843338214 0.9524791866204966 0.9494363456101054 0.953053083768027
1250 0.9367712030129645 0.9529212406984454 0.9447772096420745 0.9484504449217551
1300 0.9662193076101876 0.9335445369483534 0.9496009292914153 0.9541440796426989
1350 0.9470150869847687 0.9665512414352022 0.956683439072413 0.9594967781528077
1400 0.9662728088543224 0.9519634568628895 0.9590647615513082 0.9623947359449048
1450 0.9669249106078666 0.9563103219627201 0.9615883246286624 0.9646449149364154
1500 0.9655995821207373 0.9533632947763944 0.9594424260398903 0.9627015785346562
1550 0.9796568056526128 0.9295660502468135 0.9539543323756238 0.9584739695203027
1600 0.9712789827973074 0.956752376040669 0.9639609546078758 0.966895093927926
1650 0.9628949301983836 0.9655197819199882 0.9642055696575065 0.9668269066857591
1700 0.9670215912451937 0.9635305385692183 0.9652729084400486 0.967917902560431
1750 0.9695857367593078 0.9535843218153688 0.9615184607384296 0.9646790085574989
1800 0.9592624981781082 0.9697929713401606 0.964498992489467 0.9669632811700931
1850 0.9563085480093677 0.9627201060929788 0.9595036164041562 0.9623947359449048
1900 0.943801533342977 0.9613939438591321 0.9525165152012848 0.9556441989703727
1950 0.956608368386097 0.9550578354085316 0.9558324730865654 0.9591558419419727
2000 0.9387595799034913 0.9746555661975982 0.9563708657148021 0.9588489993522212
2050 0.9675533907830648 0.9513003757459663 0.9593580503752136 0.9627015785346562
2100 0.9729668332576101 0.9466588079275031 0.9596325478920048 0.9631447956087416
2150 0.9604380867232901 0.9497531864731452 0.9550657529172067 0.9586444376257203
2200 0.9470010905125409 0.9596994032269948 0.953307962529274 0.95649653949746
2250 0.9513264792580344 0.9748765932365726 0.9629575722290954 0.9652926937370018
2300 0.9711824123588829 0.963383187209902 0.9672670784480526 0.9698271453411067
2350 0.9765749374573572 0.949090105356222 0.9626363772231356 0.9659063789165048
2400 0.9635025754231052 0.9647093494437486 0.9641055848028568 0.9667587194435922
2450 0.9508292115216759 0.9630884844912694 0.9569195856667033 0.959871807984726
2500 0.9767127403846154 0.9579311869151993 0.9672307978426633 0.9699635198254407
2550 0.9687924016282226 0.9468798349664775 0.957710793993815 0.9613037400702329
2600 0.9644476956839795 0.9713401606129817 0.9678816576735307 0.9701680815519417
2650 0.9672914369717016 0.9695719443011862 0.9684303480756495 0.970747673110361
2700 0.9779383796120198 0.947100862005452 0.9622726251964968 0.9656336299478367
2750 0.9591955698047216 0.9698666470198187 0.9645015935817122 0.9669632811700931
2800 0.9650421399780139 0.9701613497384514 0.9675949739143215 0.9699294262043572
2850 0.9601488942412962 0.9692035659028955 0.9646549827674707 0.9671337492755105
2900 0.9670492410218438 0.9622043763353717 0.9646207253120614 0.9673383110020115
2950 0.9715204066377635 0.9575628085169086 0.9644911135022819 0.967372404623095
3000 0.9702363367799114 0.9678774036690488 0.969055434662339 0.9713954519109474
3050 0.9768803482960516 0.9588152950710971 0.9677635248187395 0.9704408305206096
3100 0.9696166085770571 0.9428276725852796 0.9560345149602181 0.959871807984726
3150 0.9537097594651551 0.966919619833493 0.9602692617253239 0.9629743275033241
3150 0.9537097594651551 0.966919619833493 0.9602692617253239 0.9629743275033241
3200 0.9602408764419937 0.975097620275547 0.9676122240093582 0.9697930517200232
3250 0.9687898567034287 0.9513740514256244 0.9600029737565982 0.9633152637141591
3300 0.9711967847573683 0.9613939438591321 0.9662705024251177 0.9689407111929358
3350 0.9664886222287261 0.9731820526044352 0.9698237885462555 0.9719750434693669
3400 0.9655755792570798 0.9671406468724674 0.9663574793875147 0.9688384303296853
3450 0.9625487454933411 0.9638252412878509 0.9631865704609041 0.9659063789165048
3500 0.9745080500894454 0.9632358358505857 0.9688391566934677 0.9713272646687805
3550 0.9693817323299395 0.9680247550283652 0.9687027684594685 0.9710545157001125
3600 0.9704957316159952 0.9548368083695572 0.962602592193709 0.9656677235689203
3650 0.9676539935160625 0.9675827009504163 0.9676183459200591 0.9700317070676077
3700 0.9529963898916968 0.9724452958078539 0.962622616052219 0.9650540383894174
3750 0.9749044872275077 0.9588152950710971 0.9667929574325831 0.9695203027513553
3800 0.9783976351095278 0.9510056730273336 0.9645072106403646 0.9676110599706795
3850 0.9622614017193647 0.9731083769247771 0.9676544928385656 0.9698953325832737
3900 0.9697305278700628 0.9677300523097325 0.9687292573198613 0.971088609321196
3950 0.9504592464019672 0.9682457820673396 0.9592700729927007 0.9619515188708193
4000 0.9654692082111437 0.9702350254181095 0.9678462499540661 0.9701680815519417
4050 0.9664672427801168 0.9640462683268253 0.9652552375331956 0.9678838089393474
4100 0.9684788251872729 0.9620570249760554 0.9652572442341809 0.9679519961815144
4150 0.966456715980665 0.9722242687688794 0.9693319131744224 0.9715318263952815
4200 0.9712681881970603 0.9688351875046047 0.9700501622897609 0.9723159796802018
4250 0.9622311337951148 0.9722979444485376 0.9672383465259454 0.9695203027513553
4300 0.9703649096940656 0.9697929713401606 0.9700788562163757 0.9723159796802018
4350 0.9668820678513732 0.9700876740587931 0.968482218381082 0.9707817667314446
4400 0.9667227382432532 0.9738451337213586 0.9702708654481392 0.9723841669223688
4450 0.9703796720342739 0.9678774036690488 0.9691269226513223 0.9714636391531144
4500 0.9755951489743974 0.9601414573049436 0.9678066169098808 0.9704408305206096
4550 0.9700176366843033 0.972518971487512 0.9712666936462971 0.9733728819337902
4600 0.973525693463226 0.9644883224047742 0.9689859363434494 0.971429545532031
4650 0.9726006998734271 0.9624254033743461 0.9674862983261739 0.9700658006886912
4700 0.9722305389221557 0.9569734030796434 0.9645416403668363 0.967440591865262
4750 0.9733174331072519 0.9621307006557136 0.9676917376806224 0.9702703624151922
4800 0.9611425257358271 0.9767921609076844 0.9689041546387984 0.9709863284579455
4850 0.9763036695884713 0.9683194577469977 0.9722951729239875 0.974463877808462
4900 0.9753939934582219 0.9666985927945185 0.971026827012026 0.9733046946916232
4950 0.9658000732332479 0.9716348633316142 0.9687086822388716 0.970952234836862
5000 0.9719688542825361 0.9656671332793045 0.9688077463227143 0.97122498380553
5050 0.9685944363103953 0.9748029175569145 0.9716887599603423 0.9737138181446251
5100 0.9622599704579025 0.9599204302659692 0.9610887766016302 0.9640312297569125
5150 0.9607383533548198 0.9663302143962278 0.963526170798898 0.9661450342640892
5200 0.963825424721734 0.9697192956605025 0.9667633772815749 0.9691452729194368
5250 0.9688078832333111 0.963383187209902 0.9660879202068712 0.9687020558453513
5300 0.9619201646695582 0.9640462683268253 0.9629820429790992 0.9657018171900038
5350 0.9409081188965713 0.972518971487512 0.956452430983262 0.9590194674576387
5400 0.969574780058651 0.9743608634789656 0.9719619299599456 0.9739865671132931
5450 0.9787878787878788 0.9518897811832314 0.965151458558996 0.9681906515290989
5500 0.9782755769375329 0.9588152950710971 0.96844768566751 0.971088609321196
5550 0.9678946589732209 0.9639725926471672 0.9659296445313943 0.9685315877399339
5600 0.9580485676893995 0.9708244308553746 0.9643941888974276 0.9668269066857591
5650 0.9550075708414449 0.9758343770721285 0.9653086509729611 0.9675428727285125
5700 0.9772351615326822 0.95829956531349 0.9676747386824387 0.9703726432784426
5750 0.9725609756097561 0.9636042142488764 0.9680618777987492 0.9705772050049436
5800 0.9614282565571964 0.9641199440064835 0.962772218952325 0.9654972554635027
