0.03543137
-0.70621717
1.4900429
2.5839922
-1.0940816
0.88969123
-0.85148084
-1.7504838
-0.72467285
0.30431327
0.024819484
0.3174302
1.9414028
-0.62265694
0.8790639
-0.5306819
-2.431378
0.1390789
0.95703584
1.2269324
-1.6266601
1.9785128
0.59585285
1.1761893
-1.2309908
0.35663563
0.14722241
-0.052051194
-0.062169973
-1.1134192
-0.17279868
-0.8822861
-0.49099612
-0.17532584
-0.45603245
-0.16536559
-0.56083655
0.2904338
-0.3921847
-0.23793185
0.01934148
-0.8030083
0.4759168
0.043053485
-0.6606033
-1.1304445
-0.46606576
-0.6855262
-0.7840311
-0.2383566
1.2750144
1.1968995
0.20648752
-0.18079492
-0.8101656
-0.6202809
-0.6778505
0.08417353
0.30572483
1.2401977
-0.023988973
-0.7620717
0.76266867
0.77704924
