1.1103129
1.7420185
3.6381607
2.5566514
-3.7071033
2.7968287
0.45014012
-2.8651896
-0.19735403
-0.7586181
0.7503771
1.5671009
2.1916206
0.22827289
0.9047685
0.77790874
-2.6708446
1.1733272
2.1253984
2.606161
-1.5596645
2.9505863
2.3856685
0.74372184
-2.085405
-1.1972218
0.24894467
0.247492
0.4013242
-1.046439
-1.6281751
-1.3931696
-1.1988513
-0.50030106
-2.833377
0.9975254
-1.3717831
-0.2610245
-0.057650317
-1.7340908
-0.029380208
-1.7403494
-0.3868393
1.4485711
-0.13883653
-1.321901
0.7609426
-2.761298
-1.9516963
2.630681
1.782547
0.930018
0.41193488
-2.5543306
0.21108297
0.94812596
-1.0335629
-0.33173093
0.12962258
1.0366021
0.91002864
1.6443079
-0.1532549
1.7509655
