1.0941938
1.640092
3.5680866
2.5500734
-3.5897436
2.7213125
0.39268842
-2.8265972
-0.23643672
-0.7132303
0.73294294
1.499622
2.1856053
0.19300611
0.9254485
0.7183556
-2.6329746
1.1353182
2.074124
2.6052656
-1.5231876
2.9016788
2.2804673
0.7888063
-2.0187902
-1.1766307
0.23328577
0.21031158
0.3744996
-1.0769441
-1.5383847
-1.3691126
-1.1436921
-0.50042903
-2.6959279
0.957399
-1.4104187
-0.25700274
-0.049407825
-1.6993188
0.00687261
-1.6184204
-0.32507616
1.442685
-0.1605003
-1.3201063
0.70972824
-2.643086
-1.9086609
2.484773
1.7469229
0.9152694
0.44683012
-2.4629924
0.16330022
0.96189886
-1.0255815
-0.32519305
0.021719629
1.093944
0.9367595
1.5025322
-0.10895507
1.7087711
