1.1306963
1.8623112
3.7201142
2.5607483
-3.8643117
2.889115
0.4533619
-2.9197173
-0.17111845
-0.8084091
0.8075269
1.6458495
2.1836517
0.25065848
0.84832764
0.85033256
-2.711518
1.2574683
2.207106
2.624213
-1.5795418
3.0206978
2.507998
0.737769
-2.1634624
-1.260953
0.2746886
0.2901094
0.44725025
-1.0427567
-1.710932
-1.40921
-1.2577909
-0.50011396
-3.0189064
1.014147
-1.3546822
-0.2516955
-0.06957448
-1.7554903
-0.086744085
-1.9104743
-0.47609496
1.456355
-0.16141076
-1.3265159
0.84417474
-2.9194057
-1.9850658
2.8388252
1.8453712
0.94216734
0.35002938
-2.6314123
0.25183547
0.9454621
-1.0454524
-0.3123102
0.13735825
1.010208
0.9185011
1.8157634
-0.21424933
1.8340592
