1.1030821
1.6665812
3.5947447
2.5527203
-3.625382
2.7478983
0.4127377
-2.841058
-0.22092757
-0.738469
0.7325066
1.5165381
2.1897402
0.20385143
0.91247183
0.72757745
-2.6368585
1.1492349
2.0908053
2.6120543
-1.5437355
2.924633
2.3128662
0.7694274
-2.0448663
-1.1728915
0.23727085
0.22429335
0.39275247
-1.0581726
-1.5701519
-1.3726518
-1.1611729
-0.5004512
-2.739807
0.97890633
-1.3909626
-0.26049763
-0.046666965
-1.7134043
0.00092970295
-1.6664788
-0.34086782
1.4476851
-0.15220627
-1.3146158
0.72377354
-2.6872773
-1.92709
2.5293803
1.7555062
0.92209536
0.4355125
-2.4881518
0.17626409
0.96169907
-1.0260628
-0.32784405
0.08526799
1.0710578
0.9241728
1.5483501
-0.12525858
1.7190405
