1.1258197
1.8512027
3.6940515
2.5607336
-3.826607
2.865019
0.4552175
-2.899876
-0.17218646
-0.8036985
0.78532135
1.6190902
2.1861203
0.25225776
0.8653877
0.8337204
-2.7034366
1.2375044
2.1860108
2.626269
-1.5767765
3.0131624
2.4794726
0.7454817
-2.1419926
-1.2456788
0.26036298
0.29240996
0.4330133
-1.0406576
-1.687782
-1.4035839
-1.2452484
-0.50000846
-2.9685965
1.0045301
-1.3547751
-0.25103638
-0.06680374
-1.769481
-0.0729011
-1.8672417
-0.4479735
1.4542493
-0.15975428
-1.3281512
0.8201339
-2.8776271
-1.9838989
2.7880504
1.8302306
0.9461048
0.36277264
-2.609814
0.23505147
0.95550406
-1.0432489
-0.31694707
0.13742715
1.0163206
0.9225078
1.7689865
-0.20233598
1.8201318
