1.0630054
1.3649215
3.2663572
2.543725
-3.1647546
2.5359037
0.28836235
-2.7234187
-0.34593335
-0.6680237
0.6009599
1.3099153
2.12465
0.09610276
0.96404046
0.6761798
-2.5580027
0.9972273
1.8474166
2.5281007
-1.4423207
2.5904477
1.9640899
0.9211495
-1.8712004
-0.99532217
0.28973997
0.088808775
0.32817623
-1.1540763
-1.2983974
-1.234866
-0.86790925
-0.49214345
-2.200018
0.7479483
-1.4394885
-0.08733744
0.007642661
-1.5021484
0.07146622
-1.333378
-0.1754391
1.3409128
-0.15338242
-1.2595533
0.5553138
-2.3399591
-1.8483664
2.1043627
1.7359816
0.9315038
0.554693
-2.1771224
-0.00050467404
0.8730177
-1.0982544
-0.28738376
-0.39115286
1.2397885
0.8304373
1.0222855
0.064373635
1.5283749
