1.1091301
1.4949114
3.4072263
2.5453413
-3.352752
2.6332076
0.2983352
-2.7616453
-0.32718915
-0.67844665
0.66781396
1.3989741
2.1560006
0.13393202
0.95814836
0.6882299
-2.590589
1.0320752
1.9369882
2.5730457
-1.474325
2.7830377
2.0753078
0.86045617
-1.9518275
-1.0598655
0.23926991
0.12573522
0.34056038
-1.1447893
-1.379125
-1.2941222
-1.0096786
-0.49699828
-2.4290168
0.84015334
-1.4460009
-0.19163951
-0.03652689
-1.6234156
0.034617245
-1.4392091
-0.2532089
1.43571
-0.17707193
-1.323226
0.6293848
-2.4846823
-1.8609544
2.2665772
1.7118558
0.93161595
0.51357156
-2.3404748
0.06423267
0.9414553
-1.0249076
-0.3111382
-0.33660892
1.2600688
0.9368642
1.2317462
-0.0029545007
1.6150565
