1.1100806
1.5238291
3.4376853
2.5463154
-3.4000745
2.653233
0.32365793
-2.7686372
-0.311657
-0.672422
0.68893725
1.4121265
2.1588116
0.13905047
0.95311683
0.68597484
-2.5994096
1.0555187
1.9669935
2.5756779
-1.4917959
2.8176107
2.1122632
0.8505334
-1.9723425
-1.0973648
0.24235657
0.13993059
0.33392856
-1.1468182
-1.4123157
-1.3165352
-1.0448843
-0.49800894
-2.4785461
0.86597586
-1.4432329
-0.21108635
-0.04478455
-1.6611284
0.02612217
-1.4828025
-0.26778492
1.4497002
-0.18144186
-1.3362234
0.6396802
-2.5194962
-1.8632578
2.3137445
1.7133163
0.9306637
0.50090396
-2.3709986
0.08724911
0.95022714
-1.0218755
-0.31659317
-0.35095468
1.2525265
0.9450922
1.2872529
-0.020309553
1.6345837
