1.067124
1.3988094
3.3009775
2.5437973
-3.2207742
2.5599418
0.256898
-2.736791
-0.3388412
-0.66956526
0.61951226
1.334852
2.1372273
0.10721853
0.96159
0.6849558
-2.5691135
1.0059202
1.8641639
2.54384
-1.4491172
2.6412883
1.9955909
0.89707
-1.8938407
-1.0297446
0.27331606
0.09777985
0.34815618
-1.1502101
-1.3204015
-1.2501115
-0.8981924
-0.4932628
-2.2565744
0.77432114
-1.4406239
-0.12022738
0.0044721393
-1.5319189
0.06626703
-1.3536448
-0.18984771
1.3710654
-0.17135932
-1.2819868
0.57095635
-2.379338
-1.8490725
2.14438
1.7228259
0.93175966
0.54623085
-2.221611
0.029306531
0.8870533
-1.1083912
-0.29773813
-0.40947247
1.2356125
0.85431457
1.0751989
0.05443985
1.5552629
