1.1013236
1.5927063
3.512381
2.5476644
-3.4959524
2.687268
0.3516101
-2.7984943
-0.27300432
-0.6811523
0.7223603
1.4664853
2.1757278
0.15890275
0.94191414
0.6994564
-2.6148186
1.0888859
2.034734
2.590098
-1.5078582
2.869604
2.1875093
0.8232624
-1.9958675
-1.1389041
0.23164897
0.1773665
0.35216755
-1.1162938
-1.4678072
-1.3386402
-1.1010551
-0.4994215
-2.5958984
0.9053051
-1.4394338
-0.23463838
-0.046565767
-1.6900394
0.024195505
-1.5436752
-0.29444113
1.4530349
-0.17660375
-1.3439835
0.67261016
-2.5736198
-1.8791716
2.4039786
1.7288051
0.91889673
0.46623847
-2.4127963
0.12063143
0.9572466
-1.0233778
-0.31539017
-0.36349446
1.1815811
0.95216215
1.3964592
-0.067198075
1.6666592
