1.0981165
1.553932
3.4770944
2.5474756
-3.4469972
2.662964
0.3306966
-2.7877042
-0.29588103
-0.67440975
0.7102322
1.4380349
2.158954
0.14851268
0.9425879
0.68483776
-2.605274
1.0753527
1.9960313
2.5840187
-1.497753
2.838455
2.1489422
0.8354293
-1.9900913
-1.1164908
0.2344328
0.15739344
0.33666444
-1.1286082
-1.4353423
-1.3305874
-1.074182
-0.4986495
-2.5380366
0.8874181
-1.4402472
-0.21937951
-0.04275841
-1.6837076
0.027782293
-1.533748
-0.2806833
1.4531938
-0.17905265
-1.3472604
0.6499846
-2.5501237
-1.8723485
2.3561885
1.7286217
0.92075187
0.48144394
-2.3937287
0.10893875
0.95378083
-1.0226482
-0.31492567
-0.3977585
1.2073116
0.9510119
1.3444836
-0.041898053
1.6510531
