1.121103
1.7761673
3.6641083
2.5600262
-3.7433956
2.8139954
0.45159525
-2.8801396
-0.17786972
-0.7784953
0.75913525
1.5855978
2.200683
0.23977517
0.9044984
0.80845994
-2.6827197
1.1914717
2.1527448
2.6154513
-1.5574872
2.9729638
2.4142923
0.737281
-2.1017547
-1.2202119
0.24708474
0.2666547
0.4158313
-1.0452367
-1.6557895
-1.3928716
-1.2154218
-0.49985588
-2.8750522
0.9940345
-1.3568964
-0.25975397
-0.052592468
-1.7307634
-0.04196795
-1.7739515
-0.40753627
1.4574968
-0.14250652
-1.321794
0.7749338
-2.8049095
-1.966695
2.6761937
1.8095105
0.9388038
0.38814473
-2.5855508
0.21475364
0.9504198
-1.0327446
-0.3255194
0.13203642
1.037546
0.90672743
1.685303
-0.17548014
1.7764385
