1.0983248
1.6107655
3.5465624
2.548716
-3.5424802
2.713919
0.36856076
-2.808469
-0.25931394
-0.69350165
0.72802263
1.4817092
2.18331
0.17591132
0.9284197
0.7110054
-2.6253524
1.1134831
2.0538504
2.593318
-1.5246823
2.88329
2.2330813
0.8015464
-2.0028663
-1.1688108
0.23160252
0.1896568
0.36297166
-1.1005325
-1.4981115
-1.3562039
-1.1247252
-0.5000177
-2.6556077
0.9337316
-1.4299958
-0.25165558
-0.0409411
-1.696574
0.017662633
-1.5799276
-0.31102982
1.4535615
-0.16858856
-1.3373932
0.6947447
-2.6097362
-1.893281
2.444645
1.7311716
0.9208636
0.45811766
-2.431757
0.14703494
0.9571012
-1.0248082
-0.32011208
-0.17356887
1.1298728
0.94304293
1.4478981
-0.08349504
1.6902378
