1.6903298
-0.5719736
-1.1064407
-2.5811017
0.86342776
-0.675076
0.290801
-0.3833299
-0.46452743
1.3280542
0.4085359
2.1152883
2.2673628
-0.42289498
3.097477
1.8982079
-0.797939
0.34591627
-0.5832552
2.9884322
0.06946419
-1.7978348
0.3849868
-0.048648242
0.35597974
-0.45719466
-1.5278085
1.2120274
2.9363427
-1.349719
-1.5081729
-0.60444385
1.3426985
-1.326471
1.8102676
-0.17349374
-0.7379238
-2.0349784
1.78365
-1.3696523
2.5858822
-0.88384354
-3.211881
1.0893488
1.4419045
-0.3870371
-3.4008906
0.7586396
-1.4068942
0.38457662
0.8433234
-0.46172863
-1.3897153
0.92042166
-0.534138
-0.903928
1.1072087
1.8716667
0.3241231
1.9013048
-2.750572
-0.44043162
-0.53722394
0.9825371
