1.0239323
1.2921056
3.2058697
2.5429153
-3.0667753
2.4728968
0.2959653
-2.6463585
-0.3358161
-0.6730075
0.56799495
1.2563094
2.0971718
0.08012635
0.96516794
0.63859504
-2.5527968
1.0089422
1.7938508
2.479812
-1.43698
2.5071054
1.9083035
0.96274763
-1.8574134
-0.97092927
0.30636415
0.07475619
0.31190115
-1.1483554
-1.2693774
-1.214153
-0.8084352
-0.48887092
-2.0964139
0.698816
-1.4366785
-0.046141703
-0.027646353
-1.4643734
0.059447844
-1.2888893
-0.10907383
1.2988931
-0.16214246
-1.203594
0.5052611
-2.2676542
-1.8622084
2.0267286
1.726971
0.9358515
0.5796736
-2.0648813
-0.033324394
0.8021641
-1.0926533
-0.26382238
-0.4191019
1.2845689
0.7611377
0.92886853
0.10836486
1.4701862
