1.0802628
1.4392922
3.3393433
2.5446393
-3.2725992
2.5860872
0.26135015
-2.7407532
-0.33597517
-0.6784521
0.645916
1.3614726
2.1456795
0.11530964
0.95870256
0.6807464
-2.5787485
1.0091313
1.8839226
2.5586178
-1.4538637
2.6939933
2.0183597
0.8863045
-1.9149047
-1.0195655
0.2549162
0.10593443
0.34873694
-1.146245
-1.3374809
-1.257063
-0.9396961
-0.49456996
-2.3176603
0.79530334
-1.4447373
-0.1412743
-0.010316465
-1.5625643
0.053408336
-1.3638572
-0.2137227
1.4078289
-0.18038876
-1.3044821
0.58872205
-2.4234254
-1.850184
2.185968
1.7248739
0.9376852
0.5464882
-2.267039
0.037204534
0.9086158
-1.0634664
-0.30034018
-0.33604863
1.2394358
0.87845916
1.1359019
0.0386072
1.5717616
