1.096243
1.4664949
3.3749938
2.5449731
-3.3150835
2.6097102
0.2686338
-2.7462044
-0.33387706
-0.6779978
0.6604188
1.381893
2.1530154
0.12851092
0.96874684
0.6815148
-2.5896351
1.0165924
1.9071221
2.5646653
-1.4627492
2.7444181
2.0453982
0.88314044
-1.9374422
-1.0282847
0.24892153
0.114490926
0.35422966
-1.1464502
-1.35724
-1.2709463
-0.9742334
-0.49590582
-2.373965
0.8130033
-1.4475669
-0.16773146
-0.026508793
-1.5876608
0.043293554
-1.38535
-0.22910967
1.4269782
-0.17669044
-1.3147883
0.6108805
-2.4583685
-1.855224
2.220801
1.7132398
0.9311565
0.5384626
-2.3135178
0.052270062
0.9250435
-1.033713
-0.30587265
-0.27792954
1.2436856
0.9095029
1.1879537
0.02177578
1.5931015
