1.1056021
1.7036175
3.613447
2.554689
-3.6659307
2.7670789
0.43359593
-2.8524232
-0.20940003
-0.744143
0.7390594
1.5396526
2.1907659
0.22336787
0.903478
0.7638582
-2.6601546
1.1631879
2.1163712
2.6090722
-1.5463628
2.9386172
2.3476546
0.7530522
-2.0672307
-1.2210326
0.2293044
0.23183624
0.39209318
-1.0573632
-1.6030155
-1.3747255
-1.1818976
-0.5004415
-2.7802336
0.98106027
-1.380337
-0.2630047
-0.054375246
-1.7259557
-0.0061885393
-1.705589
-0.36165825
1.4431322
-0.14335744
-1.3086047
0.74132216
-2.7221084
-1.935779
2.5798025
1.7775961
0.934425
0.42734665
-2.524844
0.19453773
0.9553904
-1.0309619
-0.33812743
0.11122182
1.0418998
0.9170667
1.5969101
-0.13447505
1.7384455
