0.9137038
-0.44692045
-1.479219
-1.5678365
0.19457178
-0.33058354
-0.25426582
-0.27257833
0.43637875
1.1256235
-0.5142293
1.9035368
1.5768205
-0.5316621
2.4320607
1.9213659
-0.34893128
0.24145572
0.3464434
2.0879853
0.07279036
-1.9283981
0.3625492
-0.2874157
0.014403655
-1.0056694
-0.2654393
1.3411201
1.7279246
-0.6417469
-0.16170406
0.049047932
0.47832727
0.016012922
1.608098
0.040476758
-0.41833287
-2.2858288
1.5302938
-0.43164596
0.55542713
-0.7986947
-1.9946861
0.4186282
0.8304352
-0.15157154
-2.4107685
0.18668221
-1.2098249
0.35440817
0.8162469
-0.37345326
-1.3890874
0.8674426
-0.6678795
-1.0070405
0.75147766
0.5986813
0.14042996
1.2530727
-2.2327862
0.35455757
-0.28937915
0.866337
