1.0436234
1.3279926
3.2344427
2.543724
-3.109675
2.5015023
0.28664815
-2.6804636
-0.34082225
-0.67604536
0.58460355
1.2844237
2.1068568
0.08678919
0.95818436
0.65230924
-2.5555282
1.0069053
1.807216
2.5047076
-1.435843
2.540887
1.9320483
0.9458828
-1.8538095
-0.9684028
0.30095902
0.08129673
0.31824553
-1.1521792
-1.2820042
-1.215426
-0.83992785
-0.49047533
-2.1440153
0.7255759
-1.438769
-0.07055907
-0.012066213
-1.4847671
0.062289204
-1.324979
-0.14827193
1.3176295
-0.15930039
-1.2307802
0.5291772
-2.3064442
-1.8507336
2.0695245
1.7331926
0.93356323
0.5703203
-2.1186316
-0.019937478
0.84531397
-1.1090261
-0.27354878
-0.4255315
1.2458569
0.7886962
0.9730501
0.08090385
1.4980651
