0.9658964
-0.49231887
-1.4721731
-1.6437212
0.2244133
-0.35756147
-0.1948752
-0.2968863
0.35689485
1.1764207
-0.27848303
1.9348202
1.6110847
-0.5612541
2.4987133
1.9543641
-0.4441889
0.27151644
0.38680723
2.1783655
0.07999764
-1.8915082
0.4149604
-0.29149595
0.051587686
-0.97685146
-0.2344458
1.3222482
1.8637044
-0.7159571
-0.28542674
-0.037054855
0.56156445
-0.07318382
1.6709145
-0.00094817026
-0.46774498
-2.2786577
1.5709436
-0.50873756
0.7580688
-0.8411468
-2.1282248
0.47583973
0.9079846
-0.19853587
-2.5543244
0.22935934
-1.2847337
0.37936765
0.83320564
-0.36603966
-1.4154701
0.84409875
-0.6941174
-0.9986516
0.7793861
0.73126715
0.20610335
1.3222034
-2.267998
0.25939894
-0.28530574
0.8903928
