1.1265656
1.8139299
3.6827595
2.5606651
-3.786753
2.8449316
0.45429075
-2.8877504
-0.17872632
-0.7802269
0.7740171
1.5974581
2.1930842
0.23386994
0.8789911
0.82022816
-2.6896038
1.2180583
2.1745083
2.6271865
-1.563697
2.993897
2.4393404
0.7366212
-2.1193094
-1.226983
0.25128043
0.28265992
0.42398226
-1.0317831
-1.6747583
-1.3986375
-1.2293628
-0.49989262
-2.924367
1.0041422
-1.3549898
-0.2547291
-0.055284157
-1.7402062
-0.06319871
-1.8117776
-0.43353507
1.4563527
-0.15819137
-1.3408583
0.799811
-2.8469694
-1.9770161
2.727543
1.817443
0.94184375
0.3740805
-2.603314
0.22687493
0.9457766
-1.0393021
-0.3233814
0.13684997
1.030252
0.93045145
1.7239852
-0.18493442
1.7906749
