1.1308293
2.050629
3.868142
2.5634177
-4.0714717
3.015565
0.4221666
-3.0521224
-0.07522505
-0.8461661
0.9046754
1.7466286
2.1952674
0.34209913
0.79057974
0.90467316
-2.7519202
1.3660381
2.3336358
2.6306105
-1.6213593
3.1307428
2.6826308
0.69145983
-2.3000283
-1.3174777
0.3386746
0.320662
0.5841102
-0.987422
-1.8469642
-1.4472482
-1.3637974
-0.50082266
-3.305794
1.0497637
-1.3420292
-0.3235335
-0.053649414
-1.7838639
-0.09840752
-2.0919597
-0.592258
1.4874729
-0.26186764
-1.3311107
0.9662479
-3.1463645
-2.0081153
3.1189408
1.9761691
0.95685405
0.2609227
-2.6751134
0.31633893
0.93610847
-1.0337787
-0.3715938
0.13740015
1.0315334
0.97321707
2.0313895
-0.3069771
1.9428191
