1.128895
2.2037385
4.044732
2.5634122
-4.347715
3.095871
0.35109854
-3.1779945
-0.050021097
-0.91158265
0.9995716
1.8686948
2.1084783
0.4412202
0.7113068
0.9405822
-2.8582268
1.4791713
2.5502946
2.620267
-1.6826029
3.18561
2.903405
0.6290663
-2.5173256
-1.320167
0.44263995
0.3813333
0.8146174
-0.96026385
-2.0203712
-1.4972961
-1.4487323
-0.5002759
-3.7094254
1.0725458
-1.3418481
-0.33307415
-0.09853996
-1.8282064
-0.11302862
-2.3427575
-0.6623573
1.5553838
-0.34407115
-1.3562366
1.0404003
-3.3662102
-2.0475845
3.4359612
2.121369
0.8929382
0.14570525
-2.7100494
0.38573393
0.96758837
-1.035099
-0.4233914
0.13642767
0.99119955
1.0580307
2.2390893
-0.38866845
2.0865
