1.1279433
2.202833
4.022523
2.5634122
-4.3173795
3.096861
0.36265764
-3.1766014
-0.053128816
-0.9112405
0.9821331
1.8545704
2.117943
0.43446964
0.7314514
0.9438591
-2.8420627
1.4593838
2.5347042
2.621164
-1.67275
3.1840038
2.8754427
0.6334114
-2.4881723
-1.3362875
0.436064
0.35998708
0.7901756
-0.96624887
-2.0072925
-1.493009
-1.44314
-0.5007136
-3.667997
1.069862
-1.3418481
-0.33274803
-0.09662007
-1.820642
-0.10504678
-2.313479
-0.6529701
1.5522707
-0.33502984
-1.3496703
1.0387772
-3.338945
-2.0508444
3.3954563
2.1052506
0.8996768
0.16361055
-2.7115555
0.38450563
0.96333504
-1.0340527
-0.41877446
0.13642654
0.9890966
1.0459143
2.2019184
-0.38276944
2.0712433
