1.1268902
1.9868768
3.8117306
2.563209
-3.9966173
2.9756198
0.42279443
-3.0076525
-0.11361654
-0.83082616
0.8755234
1.7194839
2.1954052
0.31124842
0.8058614
0.8716564
-2.734765
1.3308673
2.2862496
2.6311357
-1.6129104
3.100589
2.6319582
0.7086757
-2.252703
-1.302618
0.31047124
0.30880013
0.52263224
-1.0172786
-1.8030491
-1.4284687
-1.3281817
-0.50052845
-3.2107115
1.0427027
-1.3450979
-0.29402763
-0.05947924
-1.7697988
-0.096197814
-2.0243473
-0.56626916
1.4781858
-0.2284546
-1.3336668
0.9290699
-3.0676248
-1.9920545
3.039687
1.9301869
0.95605785
0.28982377
-2.6626608
0.29942924
0.9411644
-1.0337548
-0.3694048
0.14103158
1.0231624
0.9600567
1.9704934
-0.29089376
1.9032693
