1.1207376
2.1523983
3.9738476
2.5634122
-4.2484465
3.0808742
0.3743829
-3.1583192
-0.039508253
-0.87837684
0.9713392
1.8268688
2.150759
0.41725975
0.7425247
0.94099295
-2.8221207
1.4242715
2.484125
2.6284626
-1.6624038
3.1760216
2.8223414
0.6528084
-2.4245949
-1.3331413
0.4133256
0.35240343
0.7215879
-0.9672929
-1.9622867
-1.4909569
-1.4242804
-0.5011023
-3.5739174
1.0604377
-1.3418481
-0.34839863
-0.07382446
-1.8140259
-0.09290133
-2.2623582
-0.6429755
1.5276102
-0.3159861
-1.342482
1.0210029
-3.2879856
-2.0317218
3.3150103
2.0790224
0.9244617
0.1855119
-2.700222
0.36118528
0.95198375
-1.0354033
-0.40726057
0.13642603
1.0249137
1.0373178
2.1617727
-0.3691328
2.0455327
