1.1758935
2.3187525
4.144839
2.571017
-4.534759
3.075544
0.29493558
-3.2259834
-0.04256861
-1.0187854
1.1328063
1.909897
2.0487108
0.46489695
0.7093819
0.97677505
-2.9327667
1.598523
2.6161885
2.636219
-1.7163061
3.2515566
3.0392873
0.61620736
-2.6567276
-1.32973
0.48363823
0.4436856
0.9608677
-0.9475617
-2.1203215
-1.5577226
-1.5312605
-0.49562603
-3.9499485
1.0924139
-1.335216
-0.29269382
-0.09219924
-1.8674185
-0.089367986
-2.4788947
-0.74209595
1.6386502
-0.35320967
-1.3475369
1.0773809
-3.4925115
-2.0486107
3.6440074
2.2424707
0.83653855
0.06814038
-2.7063522
0.47053692
0.9755053
-1.0433211
-0.5114004
0.16759568
1.0324843
1.0682968
2.394874
-0.42913666
2.1733317
