1.1251681
2.0746799
3.8907354
2.5634177
-4.101759
3.0423634
0.42102656
-3.0770416
-0.065588154
-0.8527454
0.91304404
1.7639893
2.1847615
0.3549401
0.7797425
0.9132074
-2.757191
1.3754414
2.3707561
2.6308596
-1.6288091
3.153187
2.7128134
0.67715436
-2.319299
-1.3368876
0.34810504
0.32797742
0.60670877
-0.9871023
-1.8711139
-1.4731688
-1.3832443
-0.5009925
-3.3645835
1.050827
-1.3419026
-0.32773578
-0.066392966
-1.7814608
-0.096414894
-2.1222084
-0.6017554
1.5015663
-0.2718056
-1.3432243
0.9869398
-3.1751535
-2.0094318
3.1615045
2.001595
0.9588477
0.2412356
-2.6750712
0.31775147
0.93426466
-1.0362
-0.37785274
0.13676451
1.0209038
0.98849374
2.0647585
-0.32328963
1.9674331
