1.1271764
2.165339
4.0020485
2.5634122
-4.2760715
3.091916
0.3564369
-3.178835
-0.047232866
-0.89529985
0.9789404
1.8373367
2.1440103
0.42222634
0.74257976
0.93414545
-2.822427
1.448211
2.5142374
2.617895
-1.6635011
3.1728933
2.8392403
0.6303838
-2.4535375
-1.3397185
0.42890474
0.35249966
0.7441878
-0.96870524
-1.9808985
-1.4895035
-1.430247
-0.50091773
-3.6224642
1.0622464
-1.3418481
-0.34652257
-0.08972763
-1.8203994
-0.087707765
-2.2886913
-0.64662415
1.5330108
-0.32408965
-1.3551836
1.0318828
-3.3255877
-2.0434
3.3543124
2.088899
0.9229282
0.17119372
-2.6947103
0.37476483
0.9533496
-1.0380566
-0.41468602
0.13642654
0.9995179
1.0459546
2.1884522
-0.38313583
2.0626056
