1.1620954
2.302191
4.1268535
2.5677726
-4.5108266
3.0817842
0.30402714
-3.2199092
-0.040147886
-1.0049423
1.1046453
1.9064031
2.053889
0.46091715
0.71451443
0.98152024
-2.91864
1.5838219
2.618637
2.6225362
-1.7111809
3.2362106
3.0210884
0.6197333
-2.645364
-1.3234805
0.4743073
0.43402556
0.9384859
-0.9448485
-2.099487
-1.5458188
-1.5146405
-0.49656487
-3.9190705
1.0882896
-1.3374597
-0.3006055
-0.08204077
-1.8485068
-0.099227265
-2.4552965
-0.7226472
1.6128039
-0.36139768
-1.3506702
1.0687745
-3.472112
-2.0530956
3.6012528
2.2186832
0.83688265
0.08387268
-2.705411
0.45827556
0.98098695
-1.0428675
-0.50134885
0.15611032
1.0177995
1.065471
2.3714688
-0.42895943
2.1600633
