1.1325341
1.9068453
3.7407036
2.560814
-3.900194
2.9129279
0.4413384
-2.9455347
-0.14458707
-0.7999192
0.824871
1.6667385
2.1922283
0.27046186
0.8474907
0.8546976
-2.726464
1.2782819
2.2163548
2.627509
-1.5838802
3.0415514
2.545804
0.737719
-2.1894414
-1.2804089
0.28176165
0.2979598
0.46497923
-1.0377172
-1.7268701
-1.4085801
-1.2867486
-0.5002661
-3.0676174
1.0169718
-1.3543993
-0.25891232
-0.07122177
-1.7605312
-0.09234405
-1.9244008
-0.49548152
1.4685636
-0.1710757
-1.334963
0.86913496
-2.961426
-1.9926195
2.8973615
1.8606272
0.9421717
0.33835366
-2.64089
0.2661215
0.9481841
-1.0461287
-0.31891656
0.13751489
1.0067561
0.93442625
1.8618486
-0.23493372
1.8474069
