0.4977675
-0.07643157
2.2906861
2.5225115
-1.8745244
1.551153
0.10757947
-1.9949223
-0.5191441
-0.17447639
0.2898056
0.91165847
1.979505
-0.14717709
0.7985993
0.0691758
-2.094862
0.71853733
1.2344863
1.8742174
-1.4113971
2.2336068
1.1429358
1.1451807
-1.418736
0.46272728
0.32073542
0.061810553
0.059526898
-1.1544931
-0.7296503
-0.8589349
-0.36694115
-0.4584327
-1.0370935
0.18823479
-1.2338332
0.42054915
-0.27744555
-0.8267936
0.15483463
-1.3416275
0.36950907
0.768845
-0.29795417
-0.9888646
0.059567537
-1.3769742
-1.4588597
0.74094063
1.6260153
0.8954664
0.4319559
-1.1955343
-0.44327527
0.09156651
-0.6210117
-0.04497484
0.4848436
1.4334266
0.20731412
0.0434651
0.7281221
0.970007
