1.1215847
2.0979273
3.9125059
2.5634122
-4.1400194
3.064328
0.42083767
-3.0981348
-0.057341065
-0.85619473
0.92833304
1.7801794
2.1742435
0.37319022
0.7757448
0.9255268
-2.7680826
1.3896713
2.4014578
2.6350977
-1.6341381
3.164158
2.731481
0.66976786
-2.3497686
-1.328744
0.3611271
0.33427987
0.6293784
-0.9825867
-1.8899157
-1.4731327
-1.3984388
-0.5013085
-3.4206948
1.0491891
-1.341877
-0.3326324
-0.07420674
-1.7883998
-0.10311922
-2.1534946
-0.6123719
1.504872
-0.28874683
-1.3424106
1.0010406
-3.2097895
-2.013478
3.2036817
2.0228133
0.9443956
0.21892841
-2.6754827
0.32167327
0.94066304
-1.0324136
-0.38675407
0.13660665
1.0143281
0.99812716
2.0867937
-0.335857
1.9877874
