1.1206731
2.1426957
3.9531193
2.5634122
-4.201416
3.077645
0.39266828
-3.1519225
-0.043847583
-0.87517685
0.94787157
1.8114572
2.1532328
0.40001714
0.7647967
0.94125915
-2.7985578
1.414423
2.4514706
2.632367
-1.650336
3.179107
2.7839384
0.65297794
-2.3977833
-1.3208002
0.39144135
0.35325366
0.68578124
-0.9734266
-1.9321666
-1.483814
-1.4198755
-0.5011095
-3.523104
1.0529041
-1.3418481
-0.34374854
-0.08095724
-1.8075161
-0.10297592
-2.2108123
-0.6307131
1.5188035
-0.29520977
-1.3362178
1.0176218
-3.2652686
-2.0212297
3.2779467
2.0705597
0.9347492
0.20814818
-2.695758
0.34200144
0.9379727
-1.0354042
-0.3967856
0.1364256
1.0098891
1.0273266
2.1277056
-0.35963887
2.0233545
