1.1301321
2.0220628
3.840576
2.563291
-4.039494
2.9958282
0.4247946
-3.035987
-0.09192792
-0.83707166
0.8842507
1.7374874
2.201911
0.32949024
0.7930503
0.8891566
-2.753407
1.351874
2.3019774
2.6310298
-1.6236093
3.1113503
2.6550958
0.6989783
-2.275006
-1.3066711
0.32066262
0.31430158
0.55789006
-0.9962388
-1.8223438
-1.4338596
-1.3468915
-0.50050175
-3.258841
1.0443218
-1.3443487
-0.3103447
-0.051232062
-1.7878792
-0.09431639
-2.05217
-0.57833743
1.48682
-0.2435539
-1.334974
0.9457282
-3.1041963
-2.0060797
3.079636
1.9503945
0.9604389
0.27378058
-2.669886
0.2969073
0.9314619
-1.0348825
-0.37148738
0.14035244
1.0130863
0.9697897
2.005092
-0.3076461
1.9200579
