1.133178
1.9471724
3.7893946
2.561891
-3.968583
2.9442031
0.4400523
-2.9866052
-0.12407592
-0.81201434
0.8608736
1.7079746
2.211848
0.2941601
0.8175532
0.8637239
-2.7331524
1.3002948
2.2608466
2.6281664
-1.611833
3.0787885
2.605819
0.72604716
-2.2223651
-1.2862006
0.294141
0.31040886
0.5137631
-1.0192567
-1.7731614
-1.4156841
-1.3235368
-0.5003683
-3.1623325
1.0338033
-1.3508787
-0.2772
-0.07401448
-1.7608984
-0.10146268
-1.9846929
-0.5450383
1.4692394
-0.20535107
-1.3303013
0.910049
-3.035882
-1.9977803
2.9992812
1.907361
0.9512686
0.30079263
-2.6685016
0.2933837
0.94913256
-1.0427456
-0.3609707
0.14124653
0.99014866
0.9420057
1.943258
-0.27209103
1.8876779
