1.1460048
2.2154994
4.0684285
2.5634122
-4.376835
3.0930865
0.34300828
-3.1816773
-0.04552079
-0.9378394
1.0062203
1.8758537
2.0955088
0.4410955
0.7100733
0.95906657
-2.875698
1.5020959
2.5728831
2.627295
-1.6956713
3.2033243
2.9273999
0.620863
-2.543339
-1.3219844
0.4457777
0.39011908
0.8458965
-0.96613044
-2.0335956
-1.5129856
-1.4570873
-0.49968103
-3.76008
1.0797995
-1.3418481
-0.33286524
-0.09286194
-1.8260019
-0.12920563
-2.3806162
-0.66741264
1.5773492
-0.33493948
-1.3564193
1.0478439
-3.390767
-2.0538445
3.4810712
2.144548
0.8717357
0.13608025
-2.7222688
0.40877637
0.97676265
-1.0342834
-0.437415
0.13642809
0.99269676
1.0578384
2.2665234
-0.3959439
2.101579
