1.1701046
2.285197
4.112483
2.56347
-4.4703445
3.0808117
0.30902198
-3.2090604
-0.04594287
-0.9901563
1.079686
1.8911989
2.0628307
0.44390237
0.7111707
0.9509395
-2.8931644
1.5656583
2.6059005
2.6236
-1.7096395
3.230772
2.9979575
0.62456316
-2.6101308
-1.3294827
0.4707798
0.42404652
0.92369545
-0.9380905
-2.0889068
-1.5445801
-1.4971668
-0.49775174
-3.8886793
1.0854523
-1.3402225
-0.31020543
-0.095795095
-1.8496692
-0.086975515
-2.4536288
-0.7124795
1.591101
-0.35569692
-1.3501078
1.0634032
-3.4507349
-2.0559366
3.567409
2.1920438
0.84003466
0.09821411
-2.713772
0.44624054
0.9802489
-1.0437503
-0.47853315
0.13835777
1.000943
1.0629561
2.345442
-0.41130507
2.1465986
