1.1296432
1.9350988
3.7596617
2.5608716
-3.9371197
2.9319685
0.43615085
-2.9644647
-0.13904406
-0.7968528
0.8494898
1.688087
2.1967933
0.28605124
0.8343118
0.8609896
-2.7307184
1.2883521
2.2385519
2.6254375
-1.5939347
3.0680716
2.575647
0.7389718
-2.2122443
-1.2887588
0.287257
0.3056601
0.48541114
-1.0367495
-1.7528955
-1.4106466
-1.299694
-0.50026506
-3.1112225
1.0267981
-1.3540957
-0.27450347
-0.06738089
-1.7666597
-0.102530435
-1.9556378
-0.5203035
1.4746921
-0.18056415
-1.3378762
0.8983624
-3.000835
-1.9964786
2.94985
1.8871263
0.94733036
0.3295407
-2.658262
0.29059905
0.9419314
-1.0469317
-0.3401831
0.13747573
1.0058154
0.9436885
1.8985118
-0.2519319
1.8621225
