1.0964879
-0.48266873
-1.4584794
-1.7805313
0.29154742
-0.5152473
-0.07747059
-0.3569758
0.17640185
1.2241356
0.25867906
1.9571046
1.6630049
-0.58355606
2.6254144
2.089453
-0.5664202
0.31188622
0.39371863
2.3446238
0.04526604
-1.8830193
0.48836806
-0.29458103
0.101755545
-0.87679017
-0.22571705
1.3391477
2.0890465
-0.7632878
-0.49715853
-0.17065749
0.700145
-0.26352158
1.7406883
-0.059152618
-0.5513112
-2.229973
1.6296004
-0.6492458
1.0949961
-0.8836171
-2.3787365
0.6164143
1.0456979
-0.29343143
-2.7591064
0.3271101
-1.3540356
0.42640245
0.8282146
-0.35665464
-1.4231931
0.81918997
-0.8224922
-0.98003364
0.8070213
0.95993245
0.23620175
1.4739518
-2.3184896
0.117540136
-0.27881047
0.9073498
