1.141173
2.2424762
4.087395
2.5634122
-4.410345
3.09304
0.3358723
-3.1900604
-0.04238257
-0.9513298
1.0311229
1.8809806
2.0750062
0.43120772
0.69900715
0.95804495
-2.8743107
1.5274805
2.5852315
2.621514
-1.7059613
3.2147222
2.954271
0.62020445
-2.5682325
-1.321751
0.4529741
0.40406653
0.8724435
-0.94677746
-2.0473814
-1.5173619
-1.4709268
-0.4992867
-3.8048277
1.0827403
-1.3418481
-0.32637268
-0.09532583
-1.8344337
-0.11571518
-2.414409
-0.6828795
1.572662
-0.33582428
-1.352348
1.0583037
-3.411869
-2.0510356
3.5130608
2.1666858
0.8692942
0.12620078
-2.7291853
0.41482916
0.98140794
-1.0370575
-0.45502687
0.1364309
0.9896122
1.0565774
2.2966022
-0.40063077
2.1161714
