1.15438
2.2600758
4.0978346
2.5634155
-4.445745
3.083979
0.3204334
-3.2083423
-0.04299463
-0.96719086
1.0628605
1.8847364
2.0724761
0.43718544
0.70961696
0.9474979
-2.8874474
1.5430304
2.594493
2.6267147
-1.706701
3.2246938
2.9703484
0.63094395
-2.59747
-1.3195802
0.45500124
0.4137133
0.8976047
-0.94711894
-2.067139
-1.531716
-1.4850756
-0.4983989
-3.8436086
1.0780591
-1.3418067
-0.32303533
-0.09364839
-1.8424765
-0.114924304
-2.4179292
-0.6983271
1.5818659
-0.34257323
-1.3463013
1.0571178
-3.4255612
-2.0634813
3.5463572
2.175006
0.85649556
0.1077063
-2.7228386
0.43270865
0.9764579
-1.0377241
-0.4599368
0.13672957
0.9963749
1.0658705
2.3182242
-0.40046328
2.1258874
