1.1326427
2.1166117
3.929605
2.5634122
-4.175395
3.0710623
0.40797776
-3.1277885
-0.05112775
-0.86095005
0.9339837
1.7922167
2.16466
0.39468846
0.77294135
0.9312632
-2.7785501
1.4090015
2.4207666
2.6315677
-1.6404548
3.1610548
2.7509365
0.6656012
-2.3728757
-1.341978
0.38575444
0.345084
0.6487636
-0.98543876
-1.919516
-1.4838462
-1.4035244
-0.5012689
-3.4652588
1.0530535
-1.3418481
-0.3380636
-0.07772259
-1.7865589
-0.09820396
-2.1862125
-0.6202413
1.5120869
-0.2969962
-1.3376007
1.0016304
-3.2383382
-2.0201724
3.2390606
2.0449362
0.9456403
0.21125694
-2.684858
0.3303728
0.94079936
-1.03993
-0.39505693
0.1364256
1.0118157
1.0086457
2.105903
-0.3458165
2.0060909
