1.1861254
2.3933036
4.1819487
2.5800078
-4.621724
3.0818672
0.2303034
-3.2465713
-0.038883027
-1.0482458
1.1957625
1.9338279
2.0319278
0.48838142
0.7001242
0.9766899
-2.983838
1.6629894
2.6308289
2.6477566
-1.7231332
3.2669978
3.1201646
0.6011691
-2.7186217
-1.3336372
0.5175555
0.48623332
1.0027926
-0.925668
-2.1805289
-1.5996121
-1.5720263
-0.4923159
-4.046219
1.0976135
-1.3307958
-0.2716342
-0.088854894
-1.8984573
-0.09084057
-2.5095568
-0.7791183
1.6943003
-0.3433858
-1.3450426
1.0739367
-3.5548651
-2.052791
3.738028
2.2744555
0.82093364
0.03589614
-2.6940265
0.4859039
0.99487126
-1.0323899
-0.5534642
0.18931176
1.0656656
1.0630908
2.4665606
-0.46256804
2.184936
