1.156727
2.6457303
4.382939
2.5800078
-4.8799286
3.093191
0.086530246
-3.3248618
0.046104565
-1.1551214
1.326129
1.9772477
2.0290005
0.55850893
0.6853171
0.96358067
-3.1721642
1.8515712
2.691045
2.7694514
-1.7439542
3.3531797
3.3496604
0.5282338
-2.9045806
-1.3529469
0.6077681
0.58644336
1.111114
-0.916267
-2.3626785
-1.5581037
-1.7085723
-0.47684035
-4.3836794
1.0520376
-1.3043962
-0.24046394
-0.08006318
-1.9466463
-0.06207255
-2.699485
-0.87489825
1.8665594
-0.38349476
-1.3994364
1.0740354
-3.7959046
-2.1083722
4.0662003
2.4306273
0.7792547
-0.072262
-2.5975451
0.53275156
1.0568144
-1.0347561
-0.62576985
0.24179563
1.0955724
1.0914464
2.6707041
-0.5585705
2.254743
