1.1536274
2.5635045
4.2954545
2.5800078
-4.7983108
3.0781434
0.147682
-3.2823992
0.0060555595
-1.1153369
1.3023783
1.967834
2.0189674
0.5152471
0.69216913
0.9740637
-3.1146877
1.7710032
2.684087
2.713834
-1.7424392
3.3343472
3.2740254
0.56792533
-2.8387444
-1.3486246
0.5850784
0.52961904
1.0746828
-0.8951328
-2.3042243
-1.5767798
-1.6653329
-0.48546875
-4.2627325
1.052403
-1.3122729
-0.25053146
-0.06254746
-1.9309921
-0.074386194
-2.6191142
-0.8524591
1.8003514
-0.36580923
-1.395578
1.0844549
-3.7152636
-2.0836425
3.9483037
2.3772416
0.7916933
-0.0356125
-2.6417427
0.5141749
1.0442542
-1.0334471
-0.6182062
0.22848128
1.1031326
1.1044177
2.6206546
-0.53007406
2.2183306
