1.1397703
2.5981717
4.337715
2.5800078
-4.8300037
3.0844364
0.119764104
-3.2939174
0.02103351
-1.1387079
1.3175433
1.9775951
2.0148547
0.5312036
0.7009564
0.9735752
-3.1439974
1.8033009
2.6875792
2.7432296
-1.7484312
3.3641152
3.3111053
0.56230104
-2.857589
-1.3392067
0.5871737
0.55908734
1.0981401
-0.9066399
-2.3372602
-1.5737203
-1.6826262
-0.47999254
-4.3224726
1.0588003
-1.3080841
-0.24483769
-0.06304109
-1.9479764
-0.0723315
-2.655442
-0.8653245
1.8351356
-0.3667713
-1.402025
1.0830718
-3.762436
-2.095472
4.009381
2.4069746
0.7789865
-0.05493743
-2.6170309
0.52679324
1.0595086
-1.0349675
-0.622423
0.24179563
1.089666
1.1006585
2.6514254
-0.545649
2.2388682
