1.1552792
2.5365095
4.266771
2.5800078
-4.7581615
3.0741093
0.1532233
-3.2827678
0.00846195
-1.107356
1.2897595
1.9646845
2.0189562
0.49275532
0.7041309
0.9869443
-3.1054757
1.7537041
2.6643465
2.699927
-1.7316438
3.3303645
3.2485037
0.5724131
-2.8207161
-1.3422767
0.5791637
0.5326083
1.0438786
-0.9066567
-2.2876298
-1.5801301
-1.6560452
-0.48649493
-4.2322307
1.0591671
-1.3129246
-0.25360182
-0.062748775
-1.937197
-0.08965309
-2.5937083
-0.8437148
1.7900317
-0.36896804
-1.394628
1.0846303
-3.6880937
-2.0867207
3.923582
2.363556
0.78688693
-0.039941706
-2.6414466
0.51150376
1.0419148
-1.0333277
-0.61296976
0.2223162
1.0922357
1.0947664
2.5951014
-0.5217039
2.215031
