1.1744562
-0.47928438
-1.4574071
-1.8704771
0.34060937
-0.56640154
-0.025691696
-0.3828905
0.10234089
1.2380865
0.25811455
1.9616715
1.6885484
-0.56614304
2.6727834
2.0717916
-0.6049001
0.3314669
0.39336622
2.4205647
0.035164464
-1.8834304
0.5077921
-0.29613575
0.12184985
-0.82885563
-0.22615321
1.3548601
2.1825714
-0.7674422
-0.5947769
-0.24412328
0.76516527
-0.37058952
1.767354
-0.06440343
-0.5689621
-2.2127964
1.6559652
-0.72272414
1.2577609
-0.90501505
-2.49035
0.6768404
1.0919439
-0.32636368
-2.8361793
0.38724944
-1.3451964
0.41334155
0.8366612
-0.35920253
-1.4123311
0.81094974
-0.853989
-0.9939483
0.819501
1.0669268
0.24634099
1.5598725
-2.33848
0.071004175
-0.27964026
0.9146688
