1.1830114
2.3356736
4.1511483
2.573446
-4.5582
3.083481
0.27420807
-3.227005
-0.04506536
-1.0285733
1.1562331
1.9189461
2.0397844
0.46708143
0.6983128
0.9707218
-2.954471
1.6246386
2.62528
2.6407447
-1.7207143
3.2626965
3.0699086
0.6204988
-2.6754642
-1.3474988
0.5027186
0.4533394
0.9780838
-0.9431559
-2.1484659
-1.5747114
-1.5413224
-0.4943449
-3.9865346
1.0862489
-1.3342854
-0.28282687
-0.08517198
-1.8676778
-0.098290525
-2.4989789
-0.7580867
1.6410421
-0.3555871
-1.3370652
1.0797522
-3.5093548
-2.0543132
3.6795735
2.2387733
0.8221272
0.063761294
-2.7012289
0.46926388
0.98945886
-1.0403886
-0.5318447
0.1754142
1.0346451
1.0844482
2.4200852
-0.4414135
2.169952
