1.1814951
2.3642447
4.1624603
2.5740314
-4.586803
3.0713773
0.2601553
-3.2373781
-0.0412641
-1.0395515
1.1780612
1.9273788
2.0343955
0.47471195
0.7042769
0.98141146
-2.9643958
1.6401172
2.633471
2.6435137
-1.7209319
3.2699792
3.0930483
0.6175272
-2.70168
-1.35334
0.5023111
0.454178
0.9923198
-0.9297828
-2.1631272
-1.5873041
-1.5538952
-0.49362686
-4.0199
1.0919012
-1.3338021
-0.28106454
-0.10107089
-1.8861173
-0.09807289
-2.513398
-0.7649244
1.675615
-0.35596594
-1.3358095
1.0721347
-3.5274496
-2.0636194
3.7002099
2.2529042
0.82193524
0.05191195
-2.6934612
0.4787199
0.98898464
-1.0364387
-0.5436292
0.17767318
1.0489231
1.0812017
2.4501314
-0.4581518
2.1748207
