1.1562934
2.5111067
4.2547297
2.5800078
-4.738869
3.0773
0.17194557
-3.269474
-0.012429255
-1.0984632
1.278678
1.964482
2.011277
0.49061155
0.6972888
0.9795345
-3.0874944
1.7430106
2.6609566
2.6919808
-1.7244464
3.3218117
3.231117
0.5821577
-2.8080308
-1.3310143
0.5694298
0.51790226
1.0377665
-0.91137767
-2.2643743
-1.5894296
-1.6357327
-0.48774284
-4.2052145
1.0672344
-1.3148168
-0.25165036
-0.063192
-1.9322295
-0.087252684
-2.586692
-0.83395964
1.7738839
-0.36945668
-1.3841504
1.0836382
-3.671006
-2.0795102
3.8971772
2.3522868
0.7974182
-0.026167385
-2.6446397
0.50800633
1.0391277
-1.0332735
-0.6035467
0.2167918
1.0964651
1.0908277
2.5861115
-0.5086064
2.2080224
