1.106251
2.7617621
4.5032334
2.5800078
-5.026147
3.148929
0.018257227
-3.3760474
0.085250765
-1.2037102
1.3686848
2.003326
2.011719
0.6250428
0.6288109
0.8768461
-3.215554
1.9475462
2.7514813
2.8393922
-1.7240887
3.3815343
3.447409
0.4434225
-3.0243907
-1.3869247
0.6409713
0.6956696
1.1511823
-0.89912975
-2.452041
-1.5210562
-1.7733871
-0.46256566
-4.5325274
1.0495087
-1.2891824
-0.21073829
-0.07299875
-1.9709771
-0.06979437
-2.8455055
-0.91047823
1.9259328
-0.32861638
-1.4284586
1.0755821
-3.9264426
-2.135064
4.2458324
2.5006495
0.7821482
-0.12135287
-2.5523937
0.562388
1.1013454
-1.0305958
-0.6611013
0.24179563
1.1187054
1.1116526
2.7757394
-0.6288341
2.2650394
