1.1507238
2.6235933
4.364258
2.5800078
-4.865661
3.1030662
0.10880399
-3.3024251
0.02845693
-1.1389669
1.3192823
1.9713655
2.0328062
0.53567255
0.6968061
0.9578492
-3.1624804
1.8307924
2.6903522
2.7573624
-1.7407494
3.354069
3.3265245
0.5447376
-2.888261
-1.3555913
0.5947765
0.58060104
1.0957829
-0.91351587
-2.3503423
-1.5681688
-1.6958647
-0.47922963
-4.359489
1.0612596
-1.3071911
-0.2414556
-0.067756
-1.9567366
-0.06478229
-2.6790826
-0.8689914
1.8501842
-0.3732977
-1.4088515
1.0718768
-3.7744446
-2.112672
4.044131
2.4252477
0.77955955
-0.073694855
-2.600968
0.53940296
1.059104
-1.0348587
-0.6172414
0.24179563
1.1011711
1.1015443
2.6687803
-0.55990225
2.254577
