1.1316562
2.6992636
4.4497986
2.5800078
-4.9432254
3.121237
0.0676713
-3.3524313
0.05641742
-1.2020211
1.3473365
1.9902651
2.0265436
0.6077584
0.652282
0.9244828
-3.17891
1.8955978
2.7194576
2.8081636
-1.7267145
3.3697004
3.4015675
0.4883036
-2.9614513
-1.3870629
0.6373642
0.63142246
1.1371231
-0.9074258
-2.4137428
-1.5315722
-1.737038
-0.4728537
-4.4668145
1.0527644
-1.2993445
-0.23781294
-0.0833539
-1.9554352
-0.06386423
-2.7889318
-0.8975106
1.892122
-0.36039433
-1.4177716
1.0760196
-3.8579438
-2.1213553
4.1479983
2.465623
0.78040457
-0.099889725
-2.565726
0.54408115
1.0827736
-1.0343962
-0.64763945
0.24179563
1.0972667
1.1019014
2.7399669
-0.59118265
2.2698243
