1.1609424
2.4943826
4.235592
2.5800078
-4.7233257
3.077346
0.17420088
-3.267647
-0.017255276
-1.081373
1.2685826
1.9567342
2.0217838
0.48861265
0.6982203
0.9906424
-3.0542364
1.7260748
2.6533961
2.6986353
-1.7201302
3.309868
3.210394
0.5850747
-2.7916677
-1.3508306
0.5682728
0.5170641
1.0290085
-0.918195
-2.2460656
-1.5884805
-1.6245213
-0.48868454
-4.175156
1.0800257
-1.317999
-0.26315022
-0.07146599
-1.9237899
-0.0843939
-2.562393
-0.8197614
1.7445867
-0.36298442
-1.3715522
1.0894475
-3.6533508
-2.081843
3.8744333
2.3356738
0.7934427
-0.018324599
-2.6480844
0.49762622
1.0349469
-1.0332412
-0.59379673
0.212194
1.0833085
1.0871396
2.5598223
-0.50787973
2.2089992
