1.1146394
2.741705
4.4786716
2.5800078
-4.9908934
3.135285
0.046520527
-3.3785155
0.0772887
-1.2022619
1.3581451
2.0014746
2.0183609
0.62950206
0.6329106
0.9006059
-3.2058501
1.9317988
2.7405224
2.8232806
-1.7233407
3.3803227
3.4381046
0.4639713
-3.0043538
-1.3555423
0.64574766
0.6638635
1.154648
-0.90166086
-2.4376192
-1.5282408
-1.7525457
-0.4668157
-4.5079136
1.0562832
-1.2912785
-0.22067262
-0.06335185
-1.9641422
-0.057477858
-2.828437
-0.91536224
1.9001585
-0.35773626
-1.4185027
1.0799892
-3.9110959
-2.1240509
4.205266
2.496552
0.7794893
-0.12177937
-2.5626554
0.566111
1.0871453
-1.0305791
-0.6512055
0.24179563
1.1108192
1.0996617
2.7624953
-0.605712
2.2753377
