1.1476932
2.5766222
4.3137064
2.5800078
-4.815243
3.0759563
0.1303305
-3.2934241
0.016800772
-1.128035
1.3082701
1.9756976
2.0222435
0.5149932
0.69800776
0.9674364
-3.1349807
1.7883682
2.6775603
2.7239914
-1.7482499
3.3454127
3.2962012
0.568767
-2.8523214
-1.3361405
0.5864137
0.5506803
1.0865765
-0.9081817
-2.319257
-1.5780809
-1.6765641
-0.48343948
-4.299816
1.0613036
-1.3108473
-0.2514527
-0.07424998
-1.9448744
-0.0694626
-2.6557956
-0.8528065
1.8337876
-0.36605227
-1.3989186
1.0874511
-3.735841
-2.0992253
3.9778829
2.3903646
0.77811337
-0.058240302
-2.6253655
0.51963735
1.0521001
-1.0339248
-0.6178252
0.23758708
1.1010484
1.0988779
2.6327183
-0.5360392
2.2294662
