1.1418068
2.6570764
4.4159374
2.5800078
-4.8946714
3.101816
0.084629014
-3.332948
0.048361767
-1.1635954
1.326225
1.9826627
2.0225396
0.5809154
0.68422735
0.9456705
-3.1764092
1.8655814
2.7012172
2.7827358
-1.7394632
3.363625
3.3693082
0.52124625
-2.9112222
-1.3438807
0.60948205
0.60668087
1.1228843
-0.9153196
-2.3824809
-1.5457081
-1.7149861
-0.47535884
-4.407588
1.0547467
-1.3047451
-0.23726083
-0.085983165
-1.9701521
-0.05268418
-2.735536
-0.88741136
1.8732843
-0.3630321
-1.4067779
1.0725843
-3.8130395
-2.1088636
4.086657
2.4438837
0.7821914
-0.07574654
-2.591809
0.5386928
1.0699412
-1.0340415
-0.6207185
0.24179563
1.0989474
1.0934359
2.694999
-0.5715142
2.2530973
