0.6321699
0.3240974
2.5598743
2.5302954
-2.186212
1.7611983
0.16998942
-2.1993642
-0.4252623
-0.29560924
0.35624793
0.96891546
2.0021517
-0.0708757
0.83458465
0.18676531
-2.2339272
0.8133549
1.4665833
2.0304492
-1.4298563
2.3068056
1.3108467
1.0930101
-1.5201303
-0.19077563
0.3374962
0.09393021
0.085164234
-1.1510838
-0.9033063
-0.93273324
-0.4293643
-0.46762615
-1.2574488
0.2717843
-1.5286193
0.28868315
-0.2101535
-1.0650344
0.22243874
-1.2915349
0.3024799
0.97335964
-0.23103236
-0.9480492
0.18537922
-1.6363692
-1.5470239
1.1027597
1.7067498
0.9260332
0.48534477
-1.4572253
-0.37805277
0.27247643
-0.76074106
-0.07062024
0.38421944
1.4776654
0.28924716
0.23383127
0.5315836
1.0727345
