1.1697394
2.4678123
4.208572
2.5800078
-4.6938396
3.0755022
0.19460942
-3.2653725
-0.02417573
-1.0762057
1.2607721
1.9583266
2.0175118
0.48273116
0.69181067
0.9907714
-3.0306334
1.7081395
2.660937
2.6866627
-1.7180278
3.298969
3.1760614
0.5915761
-2.7792573
-1.3610561
0.55517226
0.50281835
1.0207344
-0.91387737
-2.2243338
-1.5841615
-1.6099977
-0.48962605
-4.142994
1.0829049
-1.3207387
-0.26952276
-0.067266226
-1.9210001
-0.08650088
-2.5544367
-0.8111159
1.731825
-0.35813186
-1.3671076
1.0880854
-3.6329515
-2.078573
3.8392086
2.321751
0.80175126
-0.0031355147
-2.6620095
0.49859887
1.023588
-1.0332352
-0.58869165
0.2083086
1.0748807
1.0891477
2.5363712
-0.4927279
2.1940913
