1.1791301
2.440393
4.209562
2.5800078
-4.671989
3.0765848
0.20502105
-3.2589653
-0.023121662
-1.0660433
1.2381897
1.9548137
2.0190017
0.48108032
0.70063555
0.9785487
-3.017471
1.6923655
2.646511
2.6727192
-1.7238439
3.2886188
3.1533072
0.60488063
-2.7521782
-1.3673662
0.53991383
0.4935874
1.004505
-0.9193081
-2.2049644
-1.5845003
-1.5935459
-0.49057013
-4.110653
1.0833346
-1.3230939
-0.26861358
-0.0703718
-1.899376
-0.093927525
-2.545809
-0.7984569
1.713916
-0.36256865
-1.3643837
1.0809603
-3.613909
-2.0674036
3.8064692
2.3103354
0.8007248
0.00772169
-2.6767452
0.49305603
1.0195572
-1.0329014
-0.58818746
0.20356019
1.0619388
1.0881888
2.5137496
-0.4843229
2.191087
