1.1260055
2.725136
4.4664474
2.5800078
-4.972434
3.1166816
0.04802892
-3.3738406
0.071408086
-1.1949736
1.347861
1.9952636
2.019416
0.6135427
0.64197594
0.9024887
-3.1997716
1.9090114
2.7337668
2.819223
-1.7268803
3.3768804
3.4217737
0.4677936
-2.982969
-1.3741487
0.64430857
0.65182704
1.1456407
-0.90241927
-2.418062
-1.5314763
-1.7498978
-0.46768308
-4.4838676
1.0537759
-1.292235
-0.23158304
-0.07807337
-1.9568963
-0.051580474
-2.796753
-0.90334255
1.9048862
-0.3615588
-1.4144933
1.0738351
-3.8826778
-2.1249852
4.179444
2.4872308
0.788451
-0.10751815
-2.570932
0.5537243
1.0841769
-1.0392323
-0.6486146
0.24179563
1.1120553
1.0972383
2.749515
-0.595692
2.269869
