1.1375095
2.677893
4.4282546
2.5800078
-4.9189143
3.1020696
0.06569425
-3.345579
0.05129091
-1.1927572
1.3375787
1.9905676
2.0308385
0.5831101
0.6689383
0.9444003
-3.1794431
1.8764031
2.6932206
2.7964792
-1.732865
3.3591383
3.3806617
0.4919332
-2.947066
-1.3652238
0.6277969
0.615236
1.1288308
-0.9093981
-2.3954215
-1.5453993
-1.721446
-0.47451088
-4.439074
1.0581777
-1.3029841
-0.23986617
-0.084042996
-1.9610186
-0.054516863
-2.7577116
-0.8913443
1.8895966
-0.3581291
-1.4150186
1.0860164
-3.836947
-2.1136966
4.112258
2.4657073
0.7788688
-0.08553091
-2.5773792
0.5388128
1.0702777
-1.0336816
-0.6356704
0.24179563
1.1047086
1.1031055
2.7130413
-0.5811792
2.2666097
