1.1885151
2.4142268
4.193223
2.5800078
-4.6398983
3.0813956
0.22940043
-3.243758
-0.031640835
-1.0453359
1.2218941
1.9329824
2.0175712
0.47930744
0.7047106
0.9825948
-3.010325
1.6759785
2.6340349
2.6487932
-1.7234584
3.285169
3.1382391
0.59088767
-2.7260678
-1.3487643
0.5325031
0.48679477
1.017934
-0.92537296
-2.190349
-1.5914794
-1.5812716
-0.49129432
-4.0740957
1.0973397
-1.3266273
-0.2710227
-0.084549166
-1.9002397
-0.09468364
-2.5290446
-0.7871269
1.7159164
-0.35799098
-1.3594401
1.0785736
-3.5767717
-2.0658152
3.763467
2.2882957
0.81814516
0.026926482
-2.6776752
0.4912013
0.99733365
-1.0326176
-0.57035667
0.19871017
1.0608364
1.0754883
2.4854958
-0.4688301
2.182118
