1.1189355
3.078542
4.707346
2.5800078
-5.361521
3.3200345
-0.11319094
-3.619249
0.20410056
-1.2478082
1.5646671
2.1395204
1.8971915
0.66830224
0.4011566
0.8633201
-3.3360322
2.0687401
2.8516688
3.0212474
-1.647372
3.5003307
3.7296672
0.2941373
-3.2785234
-1.334962
0.77379847
0.86755854
1.3379331
-0.7026099
-2.6349213
-1.4527948
-1.8547863
-0.44829664
-4.8824573
1.0818021
-1.2891824
-0.17806326
-0.049953412
-1.984654
-0.097098865
-3.2212303
-1.0537069
2.1021342
-0.21215129
-1.5413349
1.1061962
-4.190616
-2.1638944
4.683151
2.678399
0.6725981
-0.19875197
-2.3890126
0.7401516
1.0919462
-1.0299153
-0.65821946
0.24179563
1.1311964
1.2099819
2.998608
-0.6980964
2.3927264
