1.1154987
2.8095543
4.5367208
2.5800078
-5.096301
3.1901925
-0.01904819
-3.4425735
0.110005036
-1.2072346
1.3982071
2.0327992
2.0030704
0.64066607
0.59006864
0.8726233
-3.2395806
2.0064423
2.770607
2.8706782
-1.7186631
3.4164793
3.5115287
0.40734184
-3.092323
-1.3733841
0.6728745
0.7256081
1.1908151
-0.88012177
-2.4940183
-1.5076362
-1.7878908
-0.45722392
-4.5892253
1.0466241
-1.2891824
-0.19066583
-0.06283013
-1.9731796
-0.08082195
-2.9170532
-0.935991
1.9409448
-0.30487746
-1.4329463
1.0961295
-3.9826043
-2.119891
4.3347287
2.545726
0.7685841
-0.15311615
-2.5427272
0.6004071
1.1104861
-1.0306093
-0.6654545
0.24179563
1.1251434
1.1337008
2.8246887
-0.645525
2.2960782
