1.113627
2.792438
4.527924
2.5800078
-5.0642295
3.185562
0.00036273006
-3.4147625
0.10495027
-1.203953
1.3869021
2.0269766
2.00232
0.63142145
0.5989819
0.8800456
-3.2321293
1.9865435
2.7613752
2.8607163
-1.7224414
3.4055424
3.4906428
0.42067254
-3.0807464
-1.3705374
0.6653479
0.7162269
1.1798772
-0.8863914
-2.4781494
-1.5145223
-1.7805581
-0.45778933
-4.5725884
1.0471456
-1.2891824
-0.19571061
-0.06040234
-1.9713707
-0.089391105
-2.894794
-0.92634666
1.9411886
-0.3139215
-1.4232931
1.0891436
-3.9702075
-2.1264415
4.3084674
2.529332
0.77865404
-0.14536528
-2.5552397
0.5847144
1.1047487
-1.0306046
-0.6646933
0.24179563
1.112592
1.1162213
2.81838
-0.63503987
2.2883594
