1.0786623
3.136505
4.759526
2.5800078
-5.414383
3.3601303
-0.12999429
-3.6712453
0.23024051
-1.2714232
1.6108903
2.1703768
1.8651899
0.6815693
0.35362738
0.8542003
-3.3613322
2.07306
2.8903518
3.0607402
-1.6331898
3.5399175
3.7964914
0.28680134
-3.3443696
-1.3225603
0.8043967
0.88699275
1.3892955
-0.63803846
-2.6707532
-1.426193
-1.8648094
-0.44160458
-4.9620967
1.0846503
-1.2891824
-0.1816792
-0.052942898
-1.9860247
-0.124722265
-3.277034
-1.0948521
2.1442766
-0.21731523
-1.5988804
1.0859375
-4.2436438
-2.1772618
4.754331
2.7246523
0.6495583
-0.22201921
-2.364962
0.7785785
1.0945754
-1.0299534
-0.6291027
0.24179563
1.1419728
1.2284172
3.0438771
-0.6937697
2.4226246
