1.1033665
3.10775
4.7498507
2.5800078
-5.3949475
3.3462622
-0.13060585
-3.6586218
0.21973991
-1.2584283
1.5853155
2.1573665
1.8715
0.66979575
0.36717954
0.859981
-3.343735
2.0742464
2.872945
3.0534832
-1.6436973
3.5230124
3.770342
0.2833401
-3.3131318
-1.3218325
0.79521775
0.8788525
1.3705784
-0.66682017
-2.659419
-1.4389572
-1.8562595
-0.44347522
-4.929714
1.0778489
-1.2891824
-0.17867725
-0.052163847
-1.9731551
-0.11842203
-3.2609484
-1.0785651
2.1326568
-0.2174973
-1.5872506
1.0927104
-4.230527
-2.1680381
4.735498
2.711165
0.64518166
-0.2124074
-2.376747
0.7617553
1.0923971
-1.0299625
-0.6361842
0.24179563
1.1449193
1.2283587
3.0243905
-0.6859312
2.4093986
