1.1234032
2.9156115
4.612204
2.5800078
-5.2089367
3.2360072
-0.06830598
-3.5230274
0.12973067
-1.2180054
1.4632887
2.0662858
1.9708078
0.62664205
0.5136425
0.866019
-3.2693503
2.0374212
2.808621
2.930798
-1.6872673
3.4645731
3.6001573
0.34679684
-3.1781893
-1.3542109
0.71437234
0.7981723
1.2428424
-0.7887565
-2.549883
-1.4887687
-1.8279842
-0.4536196
-4.708509
1.0718356
-1.2891824
-0.18417604
-0.037063546
-1.9886898
-0.07872568
-3.0419526
-0.9760405
1.9980507
-0.23603795
-1.4661736
1.0910486
-4.0807905
-2.1282663
4.480021
2.6057854
0.72695416
-0.17826831
-2.5109649
0.6480753
1.1124369
-1.0304899
-0.682884
0.24179563
1.1269804
1.1665381
2.8949506
-0.6730817
2.3386912
