1.0908847
3.1523776
4.7786593
2.5800078
-5.434632
3.3747516
-0.13371085
-3.6806788
0.23671891
-1.2649369
1.6241324
2.176887
1.8553666
0.6842787
0.34391895
0.8610749
-3.3675458
2.0940614
2.891707
3.0768979
-1.626144
3.5330915
3.8026574
0.28913063
-3.353196
-1.3284556
0.82354534
0.88620734
1.399074
-0.6212584
-2.685437
-1.4281776
-1.8642555
-0.44023368
-4.987235
1.078462
-1.2891824
-0.18631011
-0.03974554
-1.9868048
-0.14034574
-3.2851434
-1.1041938
2.1653523
-0.2216676
-1.6145749
1.0908223
-4.2548604
-2.183095
4.7824426
2.725644
0.6411407
-0.23370405
-2.3668895
0.78560805
1.0989404
-1.02995
-0.62281024
0.24179563
1.1400852
1.2407695
3.0547452
-0.69979435
2.4348314
