1.1145552
3.0879314
4.7356925
2.5800078
-5.380985
3.3377852
-0.11489048
-3.6407597
0.21173285
-1.2538445
1.5848577
2.1465042
1.8830022
0.6629878
0.38196394
0.8626656
-3.3305216
2.0674186
2.864892
3.0402176
-1.6412444
3.5067296
3.7519298
0.29759243
-3.3029108
-1.3322765
0.7838604
0.87812406
1.3478658
-0.68551165
-2.648671
-1.4540552
-1.8564876
-0.44295192
-4.9105678
1.0783777
-1.2891824
-0.18549596
-0.048926886
-1.9840276
-0.10369203
-3.2356966
-1.0696468
2.1067963
-0.21975265
-1.5703787
1.1007304
-4.204235
-2.163009
4.710791
2.6934
0.6481232
-0.21015003
-2.3858323
0.7551535
1.0868896
-1.0299078
-0.6423066
0.24179563
1.1327559
1.2278781
3.0063329
-0.6965849
2.4016578
