1.1300877
2.9623978
4.6455193
2.5800078
-5.25359
3.2588325
-0.09008601
-3.548816
0.15894257
-1.2167895
1.4853926
2.0802834
1.9510319
0.62578106
0.48434794
0.86782664
-3.2961538
2.047034
2.8116555
2.954154
-1.6834644
3.4693713
3.6399708
0.3235913
-3.2096238
-1.3432097
0.7270981
0.818142
1.2710632
-0.77341163
-2.575223
-1.4860846
-1.8327646
-0.4490723
-4.752185
1.0757133
-1.2891824
-0.17565581
-0.040430427
-1.9793607
-0.08915079
-3.104326
-0.9990434
2.035856
-0.22210781
-1.4937296
1.0930289
-4.126755
-2.1411026
4.541913
2.632985
0.71055776
-0.17735045
-2.4679003
0.675709
1.1012621
-1.0302334
-0.67404526
0.24179563
1.1365006
1.1707406
2.9336488
-0.6826899
2.3477576
