0.6854361
0.5335875
2.6823046
2.5399947
-2.3340025
1.9113905
0.17149065
-2.3162215
-0.4121566
-0.36404532
0.421235
1.031225
2.006844
-0.054215133
0.85639197
0.27378556
-2.3138573
0.8650176
1.5782428
2.0924318
-1.4318908
2.3331366
1.4458566
1.094142
-1.5813925
-0.37096652
0.3183892
0.107926704
0.155286
-1.1128517
-1.036985
-0.9513046
-0.52357924
-0.4735593
-1.3933601
0.35664138
-1.7993104
0.19997902
-0.18928133
-1.1642821
0.19060692
-1.3021665
0.24633594
1.0711966
-0.2284309
-0.96276355
0.25276038
-1.7575897
-1.6058398
1.2708006
1.7046843
0.94169974
0.5546653
-1.5717379
-0.3490863
0.4090361
-1.1910423
-0.08663596
0.34957388
1.0994236
0.38926318
0.34306964
0.41248068
1.1073602
