1.1109221
2.7784894
4.5115952
2.5800078
-5.04523
3.1717827
0.005479718
-3.4045475
0.10219697
-1.2075046
1.3689464
2.018534
2.0128224
0.6220558
0.6135307
0.8856366
-3.209418
1.9618137
2.7717836
2.8545456
-1.7259674
3.3986127
3.4706879
0.4369796
-3.0555313
-1.3570468
0.66525275
0.69735485
1.1722435
-0.888899
-2.4751952
-1.514425
-1.775412
-0.4608321
-4.5542803
1.0541661
-1.2891824
-0.20667358
-0.056891367
-1.9619416
-0.07063656
-2.8557336
-0.9138388
1.9249551
-0.32731256
-1.4311275
1.0800681
-3.9481184
-2.120441
4.2707577
2.5152395
0.78275436
-0.14220658
-2.5682833
0.5768998
1.1063478
-1.0306041
-0.6786352
0.24179563
1.1240208
1.1195282
2.7914753
-0.6288315
2.2838976
