1.1246383
3.0224953
4.685092
2.5800078
-5.315252
3.293125
-0.10091783
-3.5889187
0.18609847
-1.2387562
1.5261736
2.1243825
1.9184462
0.64169306
0.4297289
0.86293554
-3.3305035
2.0624466
2.8417487
2.9978933
-1.6735623
3.4847028
3.687278
0.31431004
-3.240707
-1.3204875
0.76147795
0.84485227
1.3061993
-0.73433983
-2.6097198
-1.4758233
-1.8467513
-0.4499521
-4.830333
1.0775026
-1.2891824
-0.17123759
-0.043622527
-1.9863361
-0.07171174
-3.1771262
-1.0234061
2.0804696
-0.20844634
-1.526815
1.1011333
-4.1787567
-2.1603947
4.6271257
2.6549456
0.6888172
-0.19107725
-2.4167042
0.7073441
1.0891224
-1.030055
-0.6763786
0.24179563
1.1276261
1.2007622
2.9755976
-0.6907657
2.3795207
