1.1252036
2.8254015
4.5620856
2.5800078
-5.1202497
3.2002501
-0.023415904
-3.4539237
0.1062474
-1.2062088
1.4125465
2.0293117
2.002132
0.63899195
0.58071506
0.87161875
-3.245358
2.0111463
2.7668517
2.8879197
-1.7108965
3.4318905
3.5209553
0.3902783
-3.103248
-1.3727679
0.68497175
0.73459846
1.2010442
-0.8666826
-2.5079842
-1.5057702
-1.8013113
-0.4558835
-4.6257377
1.0632348
-1.2891824
-0.18763433
-0.052719235
-1.9809872
-0.08451837
-2.9180944
-0.94716567
1.9542421
-0.28715357
-1.4294006
1.0883923
-3.9936547
-2.1229203
4.366525
2.5598035
0.76066494
-0.15459734
-2.5430758
0.59943503
1.1176497
-1.0305487
-0.6682095
0.24179563
1.1196207
1.1311023
2.8464642
-0.6442701
2.3128898
