1.1300421
2.9396226
4.6284604
2.5800078
-5.2265334
3.2462595
-0.08206215
-3.5300922
0.14488868
-1.2181864
1.4795395
2.076051
1.9592739
0.63532263
0.50241303
0.8670788
-3.289678
2.0452096
2.814497
2.943982
-1.685617
3.4593801
3.6209738
0.3365841
-3.1881604
-1.3491017
0.72617805
0.808506
1.260138
-0.7861523
-2.559869
-1.4795302
-1.8329382
-0.45208693
-4.7237387
1.0645968
-1.2891824
-0.16529143
-0.0404193
-1.9788874
-0.081281155
-3.0573282
-0.98428905
2.0137901
-0.24470508
-1.4690425
1.091982
-4.094803
-2.1375606
4.503076
2.6244688
0.7259473
-0.18472059
-2.473175
0.65931106
1.1002898
-1.0303754
-0.6836487
0.24179563
1.1140134
1.1706339
2.9079597
-0.6789171
2.333087
