1.1280246
3.0522263
4.6999106
2.5800078
-5.337918
3.3107133
-0.104245774
-3.6083856
0.19349359
-1.24693
1.5492104
2.1238394
1.9045677
0.65164584
0.40547743
0.8652317
-3.327664
2.0643294
2.8448856
3.0181863
-1.6687267
3.4815154
3.7061505
0.30827516
-3.264699
-1.3470901
0.7612209
0.8602637
1.3290939
-0.7170737
-2.615325
-1.4690936
-1.8560389
-0.4490434
-4.8547573
1.0754005
-1.2891824
-0.17573766
-0.04344181
-1.9871491
-0.0818434
-3.2107944
-1.0397441
2.093979
-0.21141121
-1.5425149
1.1053317
-4.181088
-2.1626685
4.655993
2.6702013
0.6798403
-0.19241369
-2.4024422
0.72044533
1.0910156
-1.0299287
-0.66831946
0.24179563
1.1380349
1.206742
2.9886868
-0.69087714
2.380422
