1.1316931
2.8750875
4.588591
2.5800078
-5.156687
3.2242436
-0.042097148
-3.4902139
0.118823156
-1.2122489
1.4356332
2.0521653
1.981246
0.63252866
0.54663426
0.8711013
-3.2544165
2.0343535
2.7918143
2.8992474
-1.6980362
3.4439056
3.555434
0.36085832
-3.1473434
-1.3577758
0.70111984
0.77389944
1.2231674
-0.8412184
-2.5318196
-1.4913137
-1.8166174
-0.45465752
-4.656839
1.0694702
-1.2891824
-0.19039324
-0.04321965
-1.9898729
-0.079639755
-2.9961462
-0.9557713
1.978597
-0.2615323
-1.4558108
1.0910329
-4.0409584
-2.125267
4.425122
2.5902052
0.7518173
-0.15782532
-2.524079
0.62765664
1.1207799
-1.0305358
-0.6850095
0.24179563
1.122278
1.143384
2.8768804
-0.66487426
2.3231137
