1.12878
2.8978329
4.594461
2.5800078
-5.174966
3.232913
-0.05952745
-3.5008225
0.12257199
-1.2163618
1.4475724
2.05176
1.9831033
0.62430626
0.5336542
0.868127
-3.2669923
2.0398996
2.7940667
2.919349
-1.6925993
3.4565043
3.5784473
0.3524382
-3.1637132
-1.3611645
0.7072745
0.7838714
1.2373165
-0.8216879
-2.5410085
-1.4930588
-1.8149894
-0.4531629
-4.682088
1.0671073
-1.2891824
-0.18321802
-0.03845603
-1.9829243
-0.078021966
-3.0115912
-0.9702747
1.9904712
-0.24795923
-1.4549519
1.0874534
-4.058145
-2.1252527
4.45635
2.6029992
0.7397942
-0.1804365
-2.5067453
0.6384448
1.1146275
-1.0305521
-0.6901818
0.24179563
1.1181163
1.1537147
2.8806083
-0.66904676
2.337055
