1.130757
2.9998593
4.664312
2.5800078
-5.288134
3.2910116
-0.09411892
-3.579157
0.16737258
-1.2249316
1.5119561
2.1042693
1.9253888
0.6356247
0.4459728
0.8583527
-3.3155334
2.0604622
2.831162
2.9885335
-1.6691519
3.4823673
3.669397
0.31155884
-3.2277882
-1.3189076
0.7482146
0.84236413
1.2951744
-0.7589404
-2.6042354
-1.4783788
-1.8409488
-0.4499973
-4.7945166
1.0728439
-1.2891824
-0.16891411
-0.040211912
-1.97855
-0.08198215
-3.1640313
-1.0165343
2.05182
-0.19808389
-1.5082086
1.1059606
-4.1454897
-2.1496446
4.5976214
2.652774
0.6916707
-0.18429303
-2.438172
0.69997895
1.0878266
-1.0300854
-0.66963613
0.24179563
1.1275296
1.1943645
2.9522457
-0.6927781
2.3684974
