1.128274
2.8535576
4.5755353
2.5800078
-5.143956
3.2086754
-0.034480117
-3.4680464
0.10785432
-1.2111322
1.4253536
2.0343757
1.9889954
0.6417051
0.56793815
0.8635008
-3.2448318
2.0226111
2.7795224
2.8902178
-1.7095139
3.4435575
3.5372086
0.37358093
-3.125567
-1.3657583
0.6943994
0.7620841
1.2111177
-0.8540296
-2.520162
-1.5017445
-1.8037465
-0.45379937
-4.6371903
1.0610849
-1.2891824
-0.18999615
-0.047932122
-1.9850894
-0.07969934
-2.9456046
-0.94456553
1.9645718
-0.27358457
-1.4449009
1.0828798
-4.017853
-2.1257699
4.3999906
2.5758507
0.75198126
-0.15905431
-2.5257354
0.6168111
1.1238766
-1.0305598
-0.685338
0.24179563
1.117286
1.1450689
2.8610566
-0.65515584
2.318318
