1.2819469
-0.50502795
-1.4273233
-2.0284019
0.43292078
-0.61427325
0.07373004
-0.4109723
0.008948933
1.2815367
0.31407124
1.97493
1.75944
-0.56600255
2.7207572
2.0326946
-0.6644443
0.31792307
0.391823
2.5617843
0.019032294
-1.8830925
0.49975416
-0.2964804
0.15934394
-0.7038564
-0.2268898
1.3342423
2.3280568
-0.8047025
-0.7689142
-0.29810756
0.88958514
-0.5728893
1.7635263
-0.07399645
-0.64591473
-2.237886
1.7008126
-0.902272
1.546371
-0.911773
-2.6543283
0.7465884
1.1630008
-0.38543466
-2.9748824
0.48531803
-1.2361342
0.41894698
0.8395175
-0.39711222
-1.4028747
0.7976005
-0.78441244
-1.0517974
0.88094085
1.2538049
0.25217882
1.6896819
-2.365831
-0.01634607
-0.25226152
0.91792536
