1.1156185
2.9828253
4.6539626
2.5800078
-5.2748356
3.2637322
-0.09776956
-3.5641184
0.16125207
-1.215761
1.5026181
2.0922413
1.9441756
0.6299228
0.46947092
0.8748613
-3.3110433
2.053457
2.8163493
2.9702816
-1.681659
3.4821663
3.6530597
0.3224367
-3.2171655
-1.332199
0.74294144
0.8289991
1.2856529
-0.7669731
-2.5857081
-1.4862043
-1.842469
-0.44907513
-4.782363
1.0621591
-1.2891824
-0.1688636
-0.04507153
-1.9736556
-0.08871721
-3.1396306
-1.0070829
2.0379333
-0.21217993
-1.5052607
1.1005521
-4.1302476
-2.1407614
4.574302
2.6416957
0.70438343
-0.18900716
-2.4635212
0.6815965
1.0897697
-1.0300928
-0.66876745
0.24179563
1.1176548
1.183926
2.9431627
-0.68975896
2.3607924
