1.0901449
3.1685166
4.791212
2.5800078
-5.4468784
3.3819435
-0.13715363
-3.683173
0.2497296
-1.2647711
1.6337848
2.184776
1.842709
0.68174785
0.33064717
0.8628834
-3.3706305
2.0908787
2.914414
3.087375
-1.6116035
3.5466597
3.8208277
0.2837572
-3.3621283
-1.3125756
0.8258575
0.90437275
1.4175562
-0.60083073
-2.7002885
-1.4070909
-1.8595706
-0.4384024
-5.0079947
1.0785891
-1.2891824
-0.19180179
-0.03599123
-1.9811608
-0.1394226
-3.2856095
-1.1224496
2.171456
-0.22461586
-1.612707
1.0901018
-4.2673917
-2.1748548
4.8097253
2.7346036
0.6323471
-0.23075207
-2.359578
0.79646146
1.0962574
-1.029949
-0.61474
0.24179563
1.1433196
1.247719
3.068828
-0.7060477
2.4371932
