0.90644693
-0.38247982
-1.4920367
-1.4510633
0.13814422
-0.40085042
-0.29975587
-0.22583883
0.55798525
1.0778186
-0.5721806
1.8753037
1.4962116
-0.53222114
2.3628972
1.8941963
-0.24788713
0.21886839
0.3493961
1.9111071
0.096570835
-1.9654301
0.28965938
-0.2768291
-0.004982673
-1.0740253
-0.26815996
1.3604686
1.5375684
-0.56678534
0.011764246
0.1714117
0.36799636
0.14002869
1.5078118
0.12743485
-0.40005165
-2.2497923
1.4702419
-0.33049554
0.31700498
-0.7850431
-1.8301384
0.3051168
0.71185714
-0.15065062
-2.2553306
0.1387744
-1.0146455
0.36878338
0.8194938
-0.39975315
-1.3867999
0.936157
-0.72354954
-0.9889663
0.7418057
0.44594502
0.06941676
1.1245697
-2.1755629
0.44633856
-0.2826728
0.8419028
