1.0385993
3.3723528
4.900889
2.5800078
-5.6250744
3.4772587
-0.17802535
-3.7688458
0.3038522
-1.3436689
1.7382563
2.230375
1.7180529
0.729796
0.19880137
0.89520425
-3.4849882
2.150102
3.0414212
3.2251673
-1.5772898
3.587147
3.9584067
0.27520767
-3.516051
-1.2525785
0.9456801
0.9816142
1.4987323
-0.36541352
-2.787516
-1.3168055
-1.9005426
-0.36382174
-5.2572255
1.0760044
-1.2891824
-0.20436041
0.008081211
-2.030205
-0.28156242
-3.352844
-1.2292358
2.3258004
-0.2791951
-1.6973149
1.1323929
-4.324646
-2.2338123
5.0351777
2.8056874
0.55833703
-0.24888107
-2.3618674
0.8757369
1.1206474
-1.0169863
-0.54344994
0.24179563
1.1347964
1.3021518
3.2184343
-0.7488864
2.5411534
