1.0412538
3.257407
4.8465037
2.5800078
-5.518458
3.4142265
-0.14690079
-3.727112
0.2759673
-1.3090049
1.6855581
2.2065763
1.7892197
0.70421916
0.26265767
0.8804875
-3.414848
2.1191103
2.959826
3.142307
-1.5860972
3.5710914
3.885532
0.29033217
-3.419415
-1.2971417
0.8803973
0.9332787
1.4769464
-0.49211282
-2.7360158
-1.3652862
-1.8744134
-0.42597085
-5.104632
1.0777025
-1.2891824
-0.1979491
-0.022392273
-1.9848223
-0.19727787
-3.292616
-1.1838497
2.2291346
-0.25665346
-1.6478945
1.0918866
-4.2727585
-2.202779
4.8892026
2.77696
0.5987656
-0.23541954
-2.348878
0.8407237
1.1125785
-1.0235257
-0.5898761
0.24179563
1.1484025
1.2566845
3.1248834
-0.723905
2.475551
