0.71487176
0.59076595
2.7420084
2.5362008
-2.3993094
1.9945288
0.1881931
-2.3753257
-0.39928102
-0.40060923
0.43566266
1.0562032
2.00576
-0.05168696
0.86964154
0.3187787
-2.3419397
0.87897915
1.6182919
2.1366992
-1.4304568
2.351307
1.490815
1.0805764
-1.6080239
-0.4475593
0.30017197
0.123725764
0.20576958
-1.1165888
-1.0919411
-0.9895868
-0.558685
-0.47562692
-1.4444082
0.39833137
-1.9049342
0.17588623
-0.18066497
-1.2058762
0.165656
-1.1085434
0.22237353
1.0893664
-0.22760269
-0.97752476
0.28432342
-1.8415663
-1.6510483
1.3479794
1.7061085
0.947954
0.5762446
-1.616145
-0.31868386
0.4904622
-1.2804462
-0.0747849
0.31183708
1.1191196
0.40881938
0.3883933
0.37171835
1.1328509
