1.0415325
3.4337425
4.9218645
2.5800078
-5.6894627
3.4926944
-0.19120759
-3.7829528
0.3441626
-1.3386652
1.7805495
2.249255
1.6644316
0.7658457
0.16026272
0.91776943
-3.5204418
2.1626086
3.0549266
3.2388268
-1.5671381
3.5872529
3.9904196
0.28197116
-3.580674
-1.2407541
0.9790348
1.0065308
1.5259327
-0.30455267
-2.8205805
-1.2879295
-1.9342663
-0.32124037
-5.342995
1.0721872
-1.2891824
-0.21100178
0.03963116
-2.0343633
-0.3533922
-3.3665698
-1.2701696
2.3634703
-0.28148907
-1.7544413
1.1466138
-4.3512664
-2.266659
5.131509
2.8432949
0.53701323
-0.23434475
-2.346402
0.87440544
1.1261144
-1.013353
-0.5254476
0.24179563
1.1399856
1.3449118
3.2538016
-0.7840653
2.5645413
