1.0420738
3.3027308
4.848684
2.5800078
-5.558641
3.4382954
-0.1614953
-3.7401905
0.2852209
-1.321057
1.705149
2.218892
1.7718915
0.7154516
0.24079446
0.8767972
-3.4144964
2.1372678
2.9910989
3.1652954
-1.5794362
3.5759153
3.9063435
0.283438
-3.4748495
-1.2904823
0.8927491
0.9546063
1.4892521
-0.45216623
-2.7637682
-1.3452282
-1.881938
-0.41152814
-5.1544924
1.0783567
-1.2891824
-0.2098142
0.0012650737
-1.9893563
-0.22713469
-3.3209558
-1.1999221
2.2592437
-0.2547228
-1.6658317
1.108218
-4.27782
-2.2114615
4.937405
2.787737
0.59362084
-0.24068888
-2.354027
0.8477521
1.125
-1.0178217
-0.5728155
0.24179563
1.1369001
1.2687975
3.1592221
-0.72378016
2.4862688
