1.0474908
3.4568455
4.9408236
2.5800078
-5.712159
3.5237281
-0.19660051
-3.794392
0.3462219
-1.342161
1.7947228
2.2441533
1.6549736
0.7688158
0.16187252
0.9196505
-3.5239275
2.1664448
3.070679
3.23989
-1.5617298
3.5784407
4.012343
0.28285497
-3.5938644
-1.2036806
0.98976976
1.0099939
1.5315306
-0.2982169
-2.8406947
-1.2796421
-1.9290155
-0.30395484
-5.370205
1.0629939
-1.2891824
-0.20702817
0.041486446
-2.0171494
-0.36995822
-3.3632514
-1.2884412
2.389513
-0.2924887
-1.7716587
1.1555551
-4.35176
-2.272931
5.148752
2.8459356
0.5239877
-0.22736485
-2.3296192
0.8753516
1.119468
-1.0119407
-0.52411866
0.24179563
1.1287686
1.35479
3.2642596
-0.7973158
2.5700238
