1.0471431
3.478993
4.932267
2.5800078
-5.7277555
3.5243056
-0.19993187
-3.7837675
0.35099706
-1.3504864
1.7926286
2.255787
1.6336033
0.7782472
0.13160548
0.91932714
-3.5139387
2.168095
3.0690842
3.2455902
-1.560682
3.5921514
4.0315475
0.28264496
-3.5959392
-1.1981583
1.0017135
1.0289427
1.5342208
-0.26366365
-2.8525295
-1.2639357
-1.9495801
-0.31135243
-5.386564
1.059453
-1.2891824
-0.20420063
0.048603956
-2.0313091
-0.39091945
-3.3799765
-1.3003162
2.4010913
-0.29501328
-1.7723838
1.1539445
-4.3616123
-2.2772863
5.17197
2.8548536
0.51858836
-0.23842423
-2.3399081
0.8765617
1.124565
-1.0092723
-0.5015275
0.24179563
1.1331366
1.3655217
3.2795608
-0.8192337
2.5761063
