1.0446596
3.308508
4.8632016
2.5800078
-5.5777535
3.440514
-0.14885835
-3.7483776
0.2891621
-1.324674
1.7206378
2.2167954
1.7499202
0.72628075
0.23857903
0.8961803
-3.4571228
2.1442308
3.0057092
3.1827135
-1.5774256
3.5804284
3.9196987
0.28611955
-3.4783058
-1.2900478
0.91577375
0.9643928
1.4997712
-0.43429855
-2.7673044
-1.3408157
-1.8811692
-0.4007366
-5.1758676
1.0676574
-1.2891824
-0.20148665
-0.009498984
-1.9886247
-0.24463499
-3.3143928
-1.2074639
2.272178
-0.26633945
-1.6871669
1.1101197
-4.294083
-2.2175975
4.96784
2.7951174
0.5817571
-0.24220058
-2.3582237
0.8580123
1.1316055
-1.0174621
-0.57736003
0.24179563
1.1382658
1.2973558
3.1747878
-0.73620063
2.503153
