1.0308894
3.4141304
4.9185724
2.5800078
-5.67594
3.488916
-0.19596584
-3.7760792
0.33202013
-1.3362975
1.7791353
2.2366376
1.6778226
0.7497261
0.17322597
0.9230487
-3.5057511
2.1574564
3.0530589
3.2409253
-1.5752281
3.5758572
3.9841695
0.28704107
-3.5609713
-1.2244706
0.98416847
0.9957574
1.5180225
-0.31228197
-2.8115177
-1.2937778
-1.9177066
-0.30721712
-5.318635
1.0703655
-1.2891824
-0.21440065
0.037488993
-2.029774
-0.33830884
-3.3768296
-1.2724763
2.34565
-0.28584287
-1.7387841
1.1418359
-4.348484
-2.246311
5.100242
2.8371363
0.550595
-0.23813511
-2.355856
0.86671805
1.1234478
-1.0155036
-0.5267036
0.24179563
1.1300279
1.3497403
3.2377582
-0.7703372
2.55034
