1.049985
3.3876107
4.899063
2.5800078
-5.647722
3.4832995
-0.18483645
-3.7729068
0.3228016
-1.3411964
1.7532543
2.2439127
1.7072082
0.74298763
0.19515945
0.9133368
-3.4894536
2.1599476
3.0403495
3.2283547
-1.5774554
3.591779
3.9647875
0.2842396
-3.5426846
-1.2530544
0.95919335
0.9896487
1.5115167
-0.35152858
-2.8034537
-1.3165874
-1.9040885
-0.36429444
-5.2867546
1.0712864
-1.2891824
-0.217439
0.020346737
-2.0108554
-0.30187726
-3.343417
-1.2526109
2.3264651
-0.28030172
-1.7197725
1.1418515
-4.329234
-2.2395227
5.0609283
2.8177512
0.5572439
-0.23978366
-2.365691
0.86549187
1.1296315
-1.0167879
-0.5399837
0.24179563
1.1277503
1.3163043
3.2290356
-0.75849277
2.54405
