1.0740935
3.1990802
4.8053536
2.5800078
-5.4666343
3.3871868
-0.14209583
-3.690109
0.2558528
-1.2817464
1.644678
2.191755
1.835868
0.6959152
0.31122935
0.8664589
-3.3754587
2.0998507
2.9305599
3.1109443
-1.6004335
3.5568347
3.8423185
0.28433177
-3.3775852
-1.3174734
0.84485984
0.901576
1.4217399
-0.5762631
-2.716063
-1.3932081
-1.8705386
-0.4368762
-5.0292354
1.0772552
-1.2891824
-0.19194336
-0.026716301
-1.9863268
-0.15244746
-3.2965107
-1.1390074
2.1816168
-0.23178294
-1.625745
1.0918148
-4.258752
-2.179331
4.823599
2.7438943
0.6229657
-0.23347066
-2.3536038
0.8097091
1.100135
-1.0298268
-0.60623807
0.24179563
1.1555202
1.2575806
3.0902395
-0.7125142
2.4523962
