1.0358672
3.4028265
4.9004917
2.5800078
-5.6674633
3.48403
-0.18252662
-3.7752361
0.32172412
-1.3384237
1.7538232
2.2412329
1.6957268
0.74368304
0.18040305
0.9148255
-3.4994829
2.1540425
3.0553267
3.231487
-1.5746305
3.5747144
3.9715896
0.29081765
-3.556713
-1.2362022
0.9630803
0.99750704
1.5240515
-0.32183787
-2.8076513
-1.2971872
-1.9026772
-0.346854
-5.299949
1.0654349
-1.2891824
-0.2196656
0.028030531
-2.0111034
-0.31583536
-3.3393142
-1.2633553
2.3288796
-0.28264347
-1.7262083
1.1413696
-4.334006
-2.2560506
5.0736995
2.827717
0.54887825
-0.25431573
-2.3577843
0.8653855
1.1211388
-1.0160406
-0.5333756
0.24179563
1.1259984
1.3293586
3.2305903
-0.7645136
2.556617
