1.0515016
3.254136
4.832231
2.5800078
-5.507177
3.417784
-0.13599446
-3.7078838
0.27408978
-1.2984279
1.6689129
2.2002335
1.7940189
0.70037377
0.28702363
0.8755875
-3.4046552
2.1217089
2.9548962
3.1333463
-1.5945721
3.5629783
3.8673658
0.27659667
-3.4091356
-1.3161576
0.8708669
0.9245017
1.448953
-0.5223005
-2.7304912
-1.3767122
-1.87463
-0.4320526
-5.0799303
1.0785878
-1.2891824
-0.19775203
-0.020479528
-1.984074
-0.18697898
-3.292519
-1.1659024
2.2060113
-0.24258359
-1.6281034
1.0857695
-4.266324
-2.199819
4.869748
2.7580433
0.61036724
-0.2472565
-2.3445244
0.83577734
1.1188536
-1.0269067
-0.5853758
0.24179563
1.1396786
1.2644811
3.1155162
-0.7210304
2.4703994
