1.0462515
3.3577106
4.888048
2.5800078
-5.606581
3.4585447
-0.17572007
-3.760515
0.3054868
-1.3459116
1.7253951
2.2295725
1.7328575
0.7329672
0.1999398
0.8998321
-3.4662743
2.1491044
3.018098
3.2049537
-1.5842688
3.5933278
3.9461505
0.2879512
-3.5111978
-1.2579769
0.93333083
0.97899044
1.5138668
-0.38640994
-2.7841895
-1.3249497
-1.8902274
-0.3739142
-5.2290955
1.0772861
-1.2891824
-0.20682669
0.0048571755
-1.9947402
-0.26053444
-3.3467646
-1.2182151
2.2969818
-0.2758063
-1.6900998
1.1195668
-4.3184032
-2.2197254
5.014327
2.7989357
0.5697792
-0.24639536
-2.3530977
0.8699339
1.1231432
-1.017116
-0.5574454
0.24179563
1.1462284
1.2990972
3.2062624
-0.7446534
2.521893
