1.0433284
3.281465
4.843104
2.5800078
-5.538937
3.424533
-0.15127534
-3.7252226
0.27486327
-1.3133875
1.7083386
2.2118547
1.7825208
0.710364
0.25865725
0.87715805
-3.4210048
2.1306617
2.968639
3.1576207
-1.5838269
3.5815592
3.8978534
0.29205993
-3.452611
-1.298974
0.8953542
0.94610256
1.4750329
-0.478323
-2.7432408
-1.3617295
-1.879558
-0.4198563
-5.126444
1.0803239
-1.2891824
-0.20419651
-0.00990176
-1.9828247
-0.20930181
-3.3100038
-1.1849685
2.2374663
-0.25776997
-1.6573689
1.100333
-4.2769375
-2.20171
4.9096193
2.7763302
0.59892637
-0.24351664
-2.3538902
0.84594893
1.1202971
-1.0183063
-0.58282334
0.24179563
1.1329674
1.2819903
3.14026
-0.7310494
2.4871967
