1.0526022
3.3245316
4.8668346
2.5800078
-5.5900307
3.453475
-0.17659433
-3.7444944
0.28834283
-1.3365673
1.7167481
2.2222888
1.7391582
0.73582184
0.2132796
0.9029832
-3.4653745
2.1477232
3.016181
3.1873245
-1.5750836
3.578536
3.9252264
0.28431684
-3.4921534
-1.2912539
0.9262695
0.9706975
1.515115
-0.39678946
-2.779999
-1.3202007
-1.8895481
-0.39415425
-5.198005
1.0782495
-1.2891824
-0.2083667
0.003102592
-1.973294
-0.24835151
-3.3419955
-1.2120428
2.2827032
-0.28429312
-1.6846502
1.1130443
-4.308523
-2.2187085
4.968399
2.80332
0.5710603
-0.24235459
-2.3682818
0.86228335
1.1187769
-1.0172349
-0.56119967
0.24179563
1.1343815
1.2879068
3.1864932
-0.7369086
2.5106237
