1.0636945
3.22203
4.824615
2.5800078
-5.482613
3.4118629
-0.136086
-3.7024708
0.26070607
-1.2900103
1.6602076
2.2015228
1.8157351
0.68971735
0.29395443
0.87184894
-3.394874
2.096635
2.9371822
3.1130583
-1.5935737
3.559966
3.8499486
0.28307822
-3.4008617
-1.3097078
0.85339683
0.9189562
1.4489022
-0.5534488
-2.7200644
-1.3830953
-1.8672189
-0.43477917
-5.0561624
1.0805007
-1.2891824
-0.19506045
-0.021479798
-1.9828211
-0.15590331
-3.2913256
-1.1555849
2.2049706
-0.23884459
-1.6267052
1.0907395
-4.2688737
-2.1901886
4.849448
2.748197
0.62274873
-0.235869
-2.346607
0.81011605
1.1081791
-1.0287625
-0.6024729
0.24179563
1.1457578
1.2528316
3.1015644
-0.7078133
2.4578273
