0.7428077
0.64117956
2.80776
2.5249999
-2.4667614
2.05637
0.21988626
-2.405558
-0.3826758
-0.43354958
0.46181476
1.0815754
2.0063267
-0.06470335
0.88849705
0.34457114
-2.3431745
0.8779071
1.6391058
2.1852124
-1.4237306
2.3733983
1.5402309
1.069057
-1.6384337
-0.5088914
0.29586658
0.12812205
0.24189165
-1.1202085
-1.1318923
-0.996086
-0.5796887
-0.47721428
-1.5043097
0.43697158
-1.9404303
0.14655831
-0.16517104
-1.2420835
0.15214029
-1.2624518
0.19217128
1.1171534
-0.2283396
-0.9952416
0.31409883
-1.911447
-1.681115
1.4301369
1.7190769
0.9501845
0.58005476
-1.6490853
-0.29593095
0.53429186
-1.3159103
-0.08358251
0.29775307
1.2316875
0.43048507
0.444854
0.34049302
1.1626058
