1.0519094
3.4864848
4.9503455
2.5800078
-5.749146
3.5271485
-0.19676983
-3.7882674
0.35697854
-1.3497872
1.7963182
2.2621033
1.625366
0.7855851
0.13065709
0.9123234
-3.5417697
2.1885293
3.0818307
3.2526612
-1.5605497
3.5797603
4.035159
0.27594045
-3.6046212
-1.2001443
0.9949767
1.0463176
1.5319914
-0.2660863
-2.868073
-1.2628733
-1.9526143
-0.3165068
-5.401016
1.0679646
-1.2891824
-0.1992252
0.059183285
-2.0336802
-0.39074916
-3.3929005
-1.3088111
2.4025378
-0.29196545
-1.7717621
1.1585282
-4.3747973
-2.2798712
5.18881
2.848393
0.5075734
-0.23428863
-2.3385208
0.8828867
1.1273696
-1.0087037
-0.5026492
0.24179563
1.1481898
1.3706144
3.2989836
-0.83356375
2.57378
