0.76780576
0.71338487
2.8610551
2.5385475
-2.5374947
2.107201
0.25175893
-2.4407754
-0.36257213
-0.47578302
0.48033834
1.1007291
2.0159373
-0.050929997
0.9188567
0.37652907
-2.3540168
0.89436275
1.6464314
2.226931
-1.4177881
2.395123
1.6086673
1.0681025
-1.6659412
-0.5707564
0.28772798
0.119659126
0.28064972
-1.1413747
-1.1574368
-1.0167135
-0.61447537
-0.47842667
-1.5629461
0.4852872
-1.8499871
0.11956631
-0.1664333
-1.2733155
0.16058281
-1.2852452
0.16367587
1.1490566
-0.22485974
-1.0241262
0.33368042
-1.963646
-1.716716
1.5019423
1.7124335
0.9448548
0.5609272
-1.6499791
-0.2837103
0.59053975
-1.3209031
-0.10111921
0.25567317
1.3104354
0.44947678
0.5003234
0.30074075
1.1928234
