0.8113103
0.791204
2.9086053
2.4967184
-2.615449
2.1631298
0.25010803
-2.4751148
-0.3449537
-0.50361276
0.49199003
1.1178615
2.01186
-0.047308944
0.9299831
0.42037588
-2.3658514
0.90287185
1.6622325
2.2656798
-1.4170439
2.4140005
1.6696246
1.0585198
-1.7014474
-0.61728776
0.2756036
0.10477896
0.2819673
-1.1440798
-1.1801994
-1.0370982
-0.63185304
-0.47976634
-1.6267822
0.51223105
-1.8331654
0.092146575
-0.16019137
-1.3103288
0.15603979
-1.310192
0.13332552
1.1936637
-0.21679878
-1.0322769
0.35192692
-2.0050883
-1.754564
1.5641474
1.6969427
0.9300606
0.5555022
-1.6557934
-0.25865677
0.6351784
-1.4126184
-0.1105199
0.22121231
1.361329
0.49209288
0.55677575
0.2668241
1.2348644
