0.85455376
0.9504843
3.0066235
2.49321
-2.7440476
2.2690816
0.27196637
-2.537726
-0.33631632
-0.5545305
0.49779356
1.1413794
2.034342
-0.036217216
0.96475625
0.47005162
-2.403072
0.9540645
1.6932422
2.3176146
-1.4458401
2.4381363
1.7518487
1.0402665
-1.7566075
-0.6861365
0.27892813
0.062220387
0.25747532
-1.1554974
-1.205757
-1.1124619
-0.6638563
-0.48062494
-1.7337439
0.55328333
-1.8044063
0.053174086
-0.14223105
-1.3676527
0.11606651
-1.3120024
0.07476152
1.25385
-0.21725045
-1.0362495
0.38211796
-2.0743356
-1.823146
1.7026623
1.7120721
0.92148554
0.5548998
-1.6941322
-0.21040224
0.7070159
-1.3680885
-0.1275698
0.007255414
1.3921999
0.5577622
0.67547476
0.21781006
1.2893355
