0.8336401
0.86972594
2.961146
2.471073
-2.6789656
2.2165241
0.26073915
-2.5136826
-0.338192
-0.5274891
0.49038923
1.1282697
2.012803
-0.050295655
0.94567925
0.4405291
-2.3858771
0.9341162
1.6782074
2.290898
-1.4365057
2.4370399
1.7126433
1.0442376
-1.7318187
-0.656041
0.26814377
0.08508603
0.2692645
-1.1576
-1.2018121
-1.075878
-0.6419542
-0.47970793
-1.6740227
0.53810966
-1.8417219
0.06812971
-0.15703903
-1.337414
0.14211619
-1.3192536
0.10435257
1.2279899
-0.22095361
-1.0255152
0.37073377
-2.044623
-1.7938321
1.6387024
1.699112
0.92531955
0.5529823
-1.6570407
-0.238716
0.67224735
-1.4038237
-0.11782358
0.18819518
1.3702298
0.52178305
0.6151856
0.23400456
1.2592549
