0.8822962
1.083924
3.0820415
2.4587011
-2.8687153
2.358437
0.30960664
-2.5714684
-0.33612517
-0.6132981
0.52011806
1.1612958
2.0622287
0.020195473
0.98875326
0.575614
-2.4659157
0.99775314
1.6917423
2.3775802
-1.4403983
2.4425483
1.8309379
1.0091268
-1.8123822
-0.7694438
0.29256958
0.054157935
0.2804004
-1.134746
-1.233069
-1.1514972
-0.72211677
-0.48231953
-1.8474787
0.62223667
-1.4604111
0.028538473
-0.11357213
-1.4054029
0.08558897
-1.2885317
0.014833012
1.284232
-0.18478611
-1.0777079
0.42611325
-2.1486964
-1.86282
1.8329291
1.7046545
0.9432479
0.5740929
-1.7932044
-0.1489866
0.7392326
-1.348508
-0.16758882
-0.37221864
1.3947337
0.6521251
0.76667756
0.17873701
1.32778
