0.86701304
1.0210137
3.0526917
2.4861681
-2.8058336
2.309289
0.29022992
-2.5591412
-0.34028792
-0.57833076
0.50827295
1.1463774
2.04635
-0.01693977
0.9793091
0.52737606
-2.435549
0.9849906
1.6905826
2.3419325
-1.4486717
2.4354465
1.7934614
1.0199411
-1.792449
-0.7239606
0.28474492
0.050351772
0.26150545
-1.1510373
-1.2233568
-1.135015
-0.6996371
-0.48126692
-1.7889398
0.59014595
-1.5286539
0.044793848
-0.12614876
-1.3836701
0.10174858
-1.3165615
0.041620966
1.2778753
-0.20050435
-1.0593282
0.40106544
-2.104161
-1.8539531
1.7712201
1.7193172
0.9300457
0.5687892
-1.7380079
-0.18137042
0.72393656
-1.3817233
-0.1450197
-0.24376723
1.4111562
0.60207534
0.7297648
0.19665684
1.3096594
