1.6442102
-0.5513906
-1.1742953
-2.5182667
0.8068205
-0.68861383
0.2852219
-0.3794159
-0.40048045
1.3554332
0.3991557
2.0991633
2.1998682
-0.42327556
3.014536
1.9103407
-0.7813323
0.3607587
-0.48548266
2.9144595
0.0761164
-1.7976959
0.4265138
-0.06486385
0.3342551
-0.47498333
-1.415606
1.2181115
2.8731349
-1.4001702
-1.4111282
-0.5549428
1.3340244
-1.2209729
1.8194929
-0.1284579
-0.7281662
-2.1063592
1.7852367
-1.2980152
2.4563625
-0.8974852
-3.1590106
1.0495538
1.4014235
-0.39996463
-3.36944
0.70645857
-1.3477702
0.38754544
0.8422583
-0.46126127
-1.3942188
0.88096946
-0.57905316
-0.90303314
1.0818734
1.8042902
0.27036515
1.8990468
-2.6831055
-0.4019664
-0.5194527
0.97725123
