1.6649879
-0.5599266
-1.1403209
-2.5442538
0.83784205
-0.72681546
0.2913621
-0.38134307
-0.4353845
1.3459854
0.40502778
2.1042366
2.2451887
-0.42319977
3.0492458
1.873601
-0.79414064
0.35543364
-0.57420367
2.9443874
0.07299324
-1.796745
0.40583667
-0.054065425
0.3404554
-0.4647466
-1.4658248
1.2152269
2.9066238
-1.3599465
-1.4579891
-0.5763575
1.3405237
-1.2725232
1.8110594
-0.15458307
-0.7251662
-2.0659297
1.7828975
-1.3285975
2.5166762
-0.8953722
-3.1846654
1.066126
1.4200755
-0.39663962
-3.38
0.72976637
-1.3741844
0.3785518
0.8431746
-0.4542501
-1.3887719
0.9028087
-0.55799216
-0.9030033
1.1008886
1.8363837
0.2983256
1.9014702
-2.7122893
-0.4232069
-0.53344357
0.98167765
