-0.27631086
0.28382555
-0.10798059
-1.1341062
-0.340095
-0.7302489
0.5569349
0.5184162
-0.5252612
-1.9378269
0.074394666
1.302775
-0.34826198
-0.3811231
1.1946162
0.4666053
-1.1835163
0.2620511
1.7093346
-1.904393
-1.2851055
-0.12081256
-0.71916854
0.5301817
0.8961157
-0.46065184
1.706456
0.9592682
-0.46478716
-0.0063455766
-0.79615337
-0.023401078
0.45544878
-1.1069845
-1.7433348
0.90491974
-0.5446964
-0.4338841
-1.6084797
1.1844629
-1.6550605
0.5703559
0.30819547
-0.41985217
0.683508
-0.28605667
0.4092301
0.43756178
1.357948
-0.24036196
0.7746703
-0.3465226
-2.0940073
1.1520568
0.90587395
-1.361536
-0.5130689
-0.1189952
0.056152366
-0.3569396
-0.06382125
0.10755226
0.30155185
0.25829008
