1.7297313
2.0077763
0.41687125
-0.77621025
1.271946
-0.34892952
0.6499384
-0.2355894
0.7275047
-0.4426781
-1.3961715
1.4624879
-1.146667
1.5123138
1.0766212
1.1368015
0.3493614
-0.97170454
-0.46812597
-0.20059231
-0.45964146
-1.1326889
0.765863
0.23119342
-0.6302548
-0.58189315
0.49805945
0.51673347
-0.102335654
-0.037253816
0.294238
0.33464345
-1.773263
-0.7232796
0.7031613
-1.7116914
-0.8766023
1.1359427
-0.48822126
0.5094554
1.5926455
0.55367696
1.5723741
-0.9367562
-0.12786432
-0.23216985
-0.32267544
-2.2761574
-1.8740835
0.9164837
-0.92007595
-1.5164815
-0.96149206
-2.1838634
1.6718699
-1.9042728
-0.1357155
0.06100774
-0.7200042
1.021625
-0.8944044
1.4560108
1.5501084
0.61629874
