2.190985
2.3827674
0.30437043
-1.191084
1.1975262
-0.19893427
0.8024978
-0.23303705
0.8153922
-0.43251848
-1.2689081
1.1101111
-1.3469834
1.5427694
1.1735367
1.3408908
0.58910775
-1.32874
-0.321404
-0.36520293
-0.34155375
-0.9024947
1.1042753
0.3062751
-0.7056682
-0.57286173
0.50626886
0.2845171
-0.15860665
0.07747177
0.5179215
0.31356856
-1.8405012
-0.8653184
0.67893505
-1.745981
-0.95975184
1.4609419
-0.46578896
0.62161756
1.4124233
0.93743575
1.728074
-1.0215708
-0.3613995
-0.23483664
-0.15714565
-2.6048844
-1.8809108
1.0108193
-0.9824684
-1.6214999
-1.2984382
-2.4565108
1.5910386
-1.9912294
0.019315826
0.07486327
-0.6703452
1.1361359
-0.892097
1.7892802
1.4807148
0.9472952
