1.9031215
2.1151395
0.38441217
-0.92666334
1.2250333
-0.29008874
0.7351641
-0.26242405
0.7612771
-0.42900077
-1.3355167
1.3270277
-1.2087752
1.5183077
1.1000935
1.2232795
0.43287352
-1.0996414
-0.42382437
-0.24525626
-0.40943888
-1.0494549
0.86454004
0.26300046
-0.60289645
-0.5898651
0.50504017
0.41115806
-0.12819177
0.00033064856
0.34515506
0.30777887
-1.7595223
-0.7943558
0.71092904
-1.7207893
-0.8559554
1.2838718
-0.5031678
0.56668115
1.4437076
0.7418801
1.6063094
-1.0412041
-0.1372753
-0.17751177
-0.31911138
-2.3843803
-1.8955263
0.9282886
-0.8945512
-1.5312533
-1.0937611
-2.295796
1.6708132
-1.984109
-0.116072655
0.09427189
-0.65788877
1.0594381
-0.9011008
1.6403784
1.5404171
0.78401285
