2.5454984
2.902378
0.4059172
-1.5071393
1.2161572
-0.11684692
0.56177443
-0.42221156
0.7665699
-0.3862745
-1.5181619
1.0546105
-1.5600756
1.3936768
1.2601452
1.6941534
0.7979275
-1.9318205
-0.19671379
-0.55049616
-0.4462175
-0.4693875
1.5901743
0.34244898
-0.717378
-0.23497169
0.4232969
0.09159049
0.009265712
0.12948924
0.8066752
0.12400301
-2.0369048
-1.1354617
0.69722587
-1.6983336
-1.0748736
1.8498148
-0.2128573
0.7065626
1.4662544
1.571576
2.25174
-1.1529591
-0.45827058
-0.36563987
-0.07259274
-3.025964
-1.6669841
0.9034824
-1.2374835
-2.0201156
-1.4151368
-2.4273777
1.728063
-2.059502
0.12881018
-0.045103032
-0.5894633
1.520126
-0.9020618
2.0152202
1.651292
0.7908805
