1.778288
2.0128477
0.4091355
-0.80576247
1.2742902
-0.31725943
0.7008436
-0.25447878
0.74538636
-0.4325612
-1.373354
1.4107856
-1.1677022
1.5243554
1.0788192
1.1753498
0.37662816
-0.99635655
-0.4512495
-0.20641749
-0.44793075
-1.0958911
0.77228975
0.23708244
-0.6372528
-0.5746941
0.47661048
0.49154276
-0.11947949
-0.0052616275
0.30278143
0.3303342
-1.7544975
-0.7511037
0.7043887
-1.7311792
-0.886519
1.1974696
-0.48802772
0.53247505
1.556031
0.6220921
1.6007092
-0.97758174
-0.13015214
-0.20917845
-0.33425537
-2.31252
-1.8903722
0.9110851
-0.9112056
-1.537375
-0.99594855
-2.2224596
1.6694585
-1.9208735
-0.15984912
0.06619188
-0.69881135
1.0252398
-0.90509677
1.5194334
1.5634921
0.66528356
