2.029041
2.2103915
0.35950735
-1.0301948
1.2000488
-0.24512114
0.76748556
-0.23899353
0.7775358
-0.42361432
-1.3012551
1.2508891
-1.3022323
1.5355617
1.1287073
1.2855227
0.46532813
-1.14046
-0.3688937
-0.28642347
-0.38469586
-1.0129266
0.96942264
0.28003067
-0.62851816
-0.6286342
0.5169732
0.3542178
-0.14448628
0.045600682
0.40059376
0.2769452
-1.7738876
-0.80630684
0.7134684
-1.7359045
-0.8944051
1.3902051
-0.514819
0.57512987
1.4145591
0.79629004
1.6442088
-1.0276172
-0.18281884
-0.1682136
-0.25788623
-2.4788375
-1.9088509
0.94669104
-0.9251869
-1.5520407
-1.21069
-2.3793936
1.6380867
-2.0071888
-0.049245037
0.07989168
-0.6480344
1.0974971
-0.8876241
1.7050426
1.5367836
0.85646325
