2.4351993
2.816623
0.31116506
-1.4452063
1.2395747
-0.12625091
0.5475304
-0.35026282
0.80021375
-0.39343745
-1.4272852
1.0595118
-1.5225097
1.4080738
1.2794489
1.6182563
0.7989138
-1.7330437
-0.1856511
-0.45907953
-0.4084382
-0.55220073
1.4391261
0.29610118
-0.75518143
-0.32250968
0.42655715
0.16061674
-0.057011966
0.23819739
0.7662501
0.19079648
-1.9893624
-1.0277832
0.6818324
-1.7695408
-1.0032514
1.7511902
-0.25373572
0.71174484
1.4463563
1.3618779
2.1630478
-1.1348872
-0.48941723
-0.34944332
-0.11414585
-2.9033694
-1.7529136
1.0272125
-1.1179069
-1.8980973
-1.4488866
-2.4650986
1.6614822
-1.9979901
0.16834164
-0.030057631
-0.6490668
1.3533758
-0.8922413
2.0068214
1.5958313
0.86823684
