1.9792085
2.1610498
0.37272638
-0.9844288
1.198907
-0.24683227
0.74595445
-0.25442043
0.76519525
-0.41471446
-1.3198843
1.2953192
-1.2624086
1.5310038
1.1099118
1.2514262
0.4442295
-1.1239619
-0.40011248
-0.2509283
-0.40112367
-1.0299807
0.91697085
0.26815477
-0.6137183
-0.60144097
0.5091972
0.3881283
-0.14136206
0.022925487
0.36697176
0.27975103
-1.7580009
-0.80226874
0.7270016
-1.7398063
-0.8911499
1.3500214
-0.517826
0.58200413
1.4239683
0.77161944
1.6321776
-1.0352542
-0.15923095
-0.18084146
-0.2800201
-2.4462845
-1.905245
0.9444586
-0.9135085
-1.5555156
-1.170444
-2.3371022
1.645798
-1.9828709
-0.07654964
0.09010377
-0.6431331
1.073477
-0.8887388
1.6645542
1.5288888
0.8211027
