2.2689912
2.51269
0.27772203
-1.2849163
1.2063887
-0.21450679
0.71804494
-0.25639188
0.82098246
-0.42852834
-1.2944473
1.0934873
-1.4040486
1.4860128
1.239287
1.3795666
0.67948353
-1.3622959
-0.27015734
-0.3532623
-0.3183939
-0.8026351
1.1700994
0.27779302
-0.7647955
-0.53459585
0.46429482
0.25153995
-0.13730465
0.088015266
0.57216024
0.31949228
-1.9053013
-0.8982863
0.6446346
-1.7740103
-0.9622959
1.5094669
-0.40002903
0.658412
1.4252485
1.0248046
1.821736
-1.0552422
-0.4807867
-0.3180476
-0.107597955
-2.6889384
-1.8738183
1.0223237
-0.9809871
-1.6776733
-1.3423687
-2.450679
1.6060407
-1.9631156
0.06163364
0.012294417
-0.6785497
1.1400449
-0.8682643
1.8755347
1.4705303
0.9721348
