2.1388795
2.3310857
0.3331143
-1.1439563
1.1855769
-0.20950375
0.7977169
-0.22367236
0.7897212
-0.43252036
-1.2896004
1.1618845
-1.3317422
1.5510217
1.1577045
1.3178194
0.54691774
-1.2673329
-0.35231617
-0.3463217
-0.3680471
-0.95359105
1.0480053
0.2985949
-0.6764294
-0.59991944
0.5038064
0.32694528
-0.13868737
0.08302572
0.46704283
0.3194435
-1.8220387
-0.84294236
0.70180476
-1.7355379
-0.9055123
1.4443495
-0.49603787
0.59740764
1.4140793
0.9014203
1.6997994
-1.026552
-0.3307475
-0.20690748
-0.17235397
-2.561072
-1.8766907
0.9921009
-0.97640175
-1.5981076
-1.2625991
-2.4361017
1.5996635
-1.9974266
0.0038626525
0.07187622
-0.6725821
1.1462046
-0.8877468
1.7777284
1.502704
0.94345886
