1.6547389
1.703485
0.41270235
0.28439704
1.1245701
-0.64074427
0.3722226
0.23333947
0.37397715
-1.0315405
-1.0514679
1.8820457
-0.5611333
1.609567
1.0920067
0.54031295
-0.1491917
-0.44643882
-0.6708634
-0.24837485
-0.157096
-1.0769558
0.95487684
-0.14228962
-0.3067045
-0.3284915
0.14782871
1.1803099
0.11261619
-0.105815776
-0.66535026
0.06857576
-1.796625
-0.5409154
-0.030087203
-1.6653751
-0.10880706
0.62863904
-0.27955088
0.085371256
1.9488487
-0.28506583
1.0666966
-0.31640378
-0.06886029
-0.77357465
-0.4459991
-1.4936637
-1.4509801
1.4465595
-0.30221316
-1.4319855
-0.2154594
-1.4798427
1.2434956
-1.7544831
0.021049537
0.32286915
-0.4185592
0.10544238
-0.6417121
1.3027316
0.80337054
-0.048910324
