2.3332007
2.7425766
0.28498745
-1.4192591
1.2337024
-0.16866328
0.5593836
-0.31163988
0.8406192
-0.41403657
-1.3877993
1.1015112
-1.4602492
1.4295113
1.2822043
1.5377263
0.78599644
-1.5702815
-0.19592875
-0.40552247
-0.38145164
-0.6294198
1.3495096
0.28670913
-0.7695129
-0.42332506
0.45038104
0.19925141
-0.08603408
0.22248401
0.7393404
0.21286575
-1.9787656
-0.95870924
0.63589376
-1.787418
-0.9935769
1.6688131
-0.26834327
0.660943
1.4336696
1.2527112
2.043232
-1.1181684
-0.50635105
-0.3301808
-0.11064951
-2.8111198
-1.7938884
1.0725939
-1.0586656
-1.8162595
-1.418446
-2.4589095
1.6295561
-1.9657911
0.12136906
-0.018563077
-0.6518339
1.2621709
-0.8956513
1.9859576
1.5682954
0.90992206
