2.268689
2.5574226
0.26667544
-1.335525
1.2295468
-0.20366487
0.6938091
-0.26987588
0.8434989
-0.4230777
-1.2937526
1.0824994
-1.4033152
1.4789935
1.2413477
1.4193467
0.7252942
-1.4190716
-0.22399628
-0.3467571
-0.33892635
-0.7728461
1.1960967
0.27634352
-0.77398115
-0.52206796
0.46561515
0.23817244
-0.113934964
0.12371155
0.6310623
0.31343198
-1.9272504
-0.89465517
0.61861134
-1.7861842
-0.9804206
1.5650369
-0.36329928
0.65812945
1.4261525
1.0643556
1.8871632
-1.0593762
-0.50611883
-0.3395243
-0.06648596
-2.712671
-1.8605101
1.0441189
-0.99919385
-1.7050854
-1.359334
-2.4645298
1.6076715
-1.9744896
0.09980156
0.013430724
-0.67772037
1.153872
-0.8837351
1.8946595
1.4848955
0.957741
