2.079983
2.2633116
0.3544398
-1.0770513
1.1814781
-0.23119119
0.7928666
-0.22678998
0.7749399
-0.43845576
-1.2845824
1.1988802
-1.3269919
1.56156
1.1452662
1.3027972
0.4844994
-1.1916519
-0.36550227
-0.32076454
-0.37610757
-0.97811955
1.0066079
0.30165622
-0.64742047
-0.6082297
0.5164962
0.32692742
-0.14272736
0.056445595
0.42871708
0.28631586
-1.7816957
-0.80697453
0.7161939
-1.7348495
-0.8954024
1.425133
-0.5048069
0.5786795
1.4127039
0.855971
1.6754904
-1.0224468
-0.26006532
-0.17775805
-0.21739076
-2.511714
-1.891812
0.96276236
-0.96958184
-1.5805156
-1.2301469
-2.4105203
1.6293795
-1.9879894
-0.022777172
0.0802594
-0.6493704
1.1269996
-0.88783836
1.7560639
1.514063
0.8990417
