2.291478
2.6677225
0.27171856
-1.403792
1.2376479
-0.16989663
0.6004035
-0.2896665
0.83816373
-0.4083354
-1.3562325
1.1010686
-1.4442381
1.4527186
1.2576487
1.4625409
0.7630301
-1.5142951
-0.20267583
-0.37342235
-0.364129
-0.68188477
1.2753425
0.28163466
-0.7798153
-0.476859
0.4545891
0.22435997
-0.09278301
0.18836491
0.7209746
0.24419302
-1.9633938
-0.9250882
0.62042165
-1.7819923
-0.98992515
1.6418747
-0.2834232
0.67498267
1.4198678
1.1993523
2.0076625
-1.113508
-0.5060607
-0.3318821
-0.09209266
-2.7908382
-1.8074785
1.0636917
-1.0397398
-1.7637829
-1.4153552
-2.4419534
1.6181026
-1.9679656
0.10619583
-0.014406094
-0.6543724
1.2375021
-0.89338183
1.9486473
1.5355073
0.92741406
