1.703793
1.6907369
0.46723858
0.31494933
1.0566722
-0.70724493
0.3185572
0.28987882
0.38358763
-1.0474615
-0.9936794
1.8495805
-0.4834386
1.6341499
1.096511
0.4961663
-0.12627803
-0.47490403
-0.64926076
-0.34198442
-0.03138969
-1.1276376
0.9199868
-0.17500333
-0.26664266
-0.29556614
0.08232736
1.1869507
0.15122646
-0.118602335
-0.7593238
0.07613893
-1.8425376
-0.5274428
-0.039288916
-1.6391057
-0.0035356358
0.60959494
-0.30661234
0.076289944
1.9355574
-0.28965622
1.0924407
-0.28667623
-0.0038519695
-0.8232503
-0.5043078
-1.4197364
-1.47353
1.5056144
-0.2597021
-1.3762705
-0.21274738
-1.4100094
1.2266366
-1.7647738
0.026820978
0.43625784
-0.38555637
0.026237097
-0.6377961
1.3163882
0.7389803
-0.068552405
