2.2174356
2.4450443
0.28164455
-1.2433482
1.2084643
-0.2031498
0.786016
-0.22478795
0.8109831
-0.42059752
-1.2831094
1.0977235
-1.3867555
1.5178744
1.2005284
1.3482192
0.64024293
-1.3581038
-0.30144304
-0.3725662
-0.3300934
-0.84283155
1.1481113
0.2975946
-0.7531959
-0.5455728
0.4985009
0.25251237
-0.16271387
0.087901354
0.5541654
0.32592592
-1.8871083
-0.87257534
0.6460867
-1.7634634
-0.96654475
1.4854366
-0.45818794
0.64608413
1.4111482
0.96531457
1.7855935
-1.0235194
-0.42088732
-0.27657086
-0.12304134
-2.655086
-1.8661988
1.0290653
-1.000576
-1.6603271
-1.3083341
-2.462619
1.6073039
-1.9908255
0.059996795
0.04123049
-0.6815534
1.1235453
-0.8849381
1.822433
1.448677
0.9843786
