2.3875732
2.7828777
0.29917443
-1.4354151
1.2446046
-0.13396665
0.5431491
-0.3312039
0.8241493
-0.40441713
-1.408692
1.0928446
-1.5034449
1.4227238
1.2717166
1.5689337
0.7999503
-1.6423898
-0.20368737
-0.42970046
-0.3971742
-0.59695643
1.4040431
0.28907317
-0.77949363
-0.37170908
0.45426682
0.16771431
-0.07063088
0.21553151
0.7570688
0.19771342
-1.9783134
-0.9841277
0.6443651
-1.771862
-0.9894309
1.705835
-0.24155404
0.66777915
1.4587415
1.3282672
2.0893672
-1.1157913
-0.5076032
-0.352904
-0.11015881
-2.8677382
-1.7499859
1.0626109
-1.1045569
-1.8509449
-1.4489709
-2.4437704
1.6717927
-1.985587
0.14628635
-0.0026028908
-0.65571856
1.3168573
-0.8898151
1.9894236
1.6061862
0.8920772
