1.8353938
2.0713313
0.3938625
-0.85072577
1.2338374
-0.29298332
0.72013533
-0.26027063
0.7545189
-0.4450542
-1.3616239
1.3814385
-1.1691751
1.5345665
1.0950483
1.2208036
0.40511835
-1.038805
-0.44387835
-0.21496408
-0.41144523
-1.0781567
0.803181
0.24650241
-0.62237614
-0.59903765
0.48646918
0.4686603
-0.11008148
-0.011703265
0.31221336
0.32477713
-1.7694082
-0.7704411
0.69299895
-1.729054
-0.8745474
1.2486386
-0.4997154
0.550905
1.4910468
0.68031824
1.6061715
-1.0035552
-0.12708993
-0.18534926
-0.31851745
-2.3528266
-1.9009341
0.9137965
-0.90559494
-1.5297157
-1.0598785
-2.2660694
1.662541
-1.9716855
-0.14350718
0.08252577
-0.6705348
1.055301
-0.8999341
1.6033726
1.5382271
0.7216825
