2.3099084
2.625725
0.26356044
-1.3692068
1.2380502
-0.20315719
0.6499294
-0.26673526
0.83564264
-0.42061773
-1.3249562
1.0912175
-1.4286126
1.4592246
1.2633737
1.4444349
0.7341266
-1.4625584
-0.20975125
-0.3608382
-0.3497229
-0.71945876
1.21701
0.28239727
-0.7747438
-0.48839122
0.45252547
0.24188796
-0.09085422
0.17731985
0.6779244
0.28373364
-1.9697198
-0.88420707
0.62539095
-1.7744024
-0.99905294
1.5942509
-0.31912622
0.68104964
1.4332162
1.1033084
1.9547937
-1.0900406
-0.50332856
-0.3436764
-0.0841676
-2.7484376
-1.845417
1.0523932
-1.0183548
-1.7451013
-1.3589952
-2.4485738
1.6035817
-1.9576749
0.09934215
-0.006456092
-0.66820985
1.1931714
-0.89552623
1.9430147
1.5147896
0.93492585
