2.527775
2.8630016
0.38109583
-1.5177201
1.2366048
-0.13990675
0.5308841
-0.373679
0.7763746
-0.38918394
-1.4877563
1.0425274
-1.5284512
1.3990948
1.2716721
1.6678203
0.78800964
-1.8612335
-0.18964978
-0.52732044
-0.442059
-0.48724526
1.5502485
0.32557616
-0.733637
-0.27612135
0.440263
0.13242963
-0.013585311
0.16588582
0.8121613
0.15433642
-2.03236
-1.1050688
0.6823726
-1.7188979
-1.0802432
1.8439267
-0.22929913
0.7220406
1.4858608
1.4848706
2.2284408
-1.1374365
-0.4540354
-0.3795101
-0.080802485
-3.0009139
-1.6793482
0.9560413
-1.2117231
-1.9484855
-1.4301976
-2.4241319
1.7124734
-2.0541315
0.14763802
-0.053455986
-0.6103145
1.454012
-0.90227884
2.0511253
1.6416556
0.834529
