2.4815326
2.8392022
0.324926
-1.4904847
1.248243
-0.12818718
0.5339276
-0.3682724
0.76832634
-0.39080122
-1.4816561
1.0964875
-1.5254514
1.3951621
1.2701329
1.6604415
0.7940769
-1.7954123
-0.20235343
-0.49983087
-0.41376287
-0.5203437
1.5109985
0.3356488
-0.74774474
-0.27678016
0.43769467
0.14765486
-0.037848443
0.20896943
0.78358686
0.16800207
-1.9933431
-1.0626845
0.69973093
-1.7545359
-1.0426623
1.79957
-0.23265183
0.71453744
1.4754052
1.4189501
2.1992357
-1.1380653
-0.49236012
-0.3618948
-0.106787324
-2.9508073
-1.7029676
0.9905138
-1.162219
-1.9183055
-1.4431775
-2.4366772
1.6775266
-2.0289962
0.15369539
-0.04186141
-0.63029695
1.4052762
-0.9038632
2.0284786
1.63595
0.8533555
