2.7491705
2.9396152
0.48627603
-1.5885775
1.2358979
-0.11262095
0.5807412
-0.4626907
0.7532815
-0.41239923
-1.5873528
1.0061998
-1.639175
1.2951005
1.2339964
1.7649558
0.76898307
-2.1292973
-0.22767319
-0.66253024
-0.4489005
-0.37788758
1.6669441
0.33216572
-0.73377496
-0.15125981
0.39933696
0.07798515
0.0042294613
-0.04303486
0.8613993
0.079990655
-2.0660775
-1.2148957
0.7225161
-1.6565003
-1.0709652
1.9350959
-0.1915686
0.70453304
1.4080583
1.7932827
2.3546834
-1.2086989
-0.4108127
-0.39343858
0.040336855
-3.0804517
-1.6136549
0.807642
-1.3112184
-2.1300697
-1.4116539
-2.4388328
1.7156647
-2.123233
0.09475199
-0.038802054
-0.51673
1.6585069
-0.9496513
2.0366867
1.663147
0.71626824
