3.0196497
2.9070244
0.52011776
-1.6753448
1.2786108
-0.18504888
0.4810328
-0.63441813
0.7516646
-0.37950024
-1.5535654
0.9836536
-1.6619264
1.151788
1.2329588
1.9394404
0.72782433
-2.3809838
-0.24918413
-0.8427554
-0.47198516
-0.25148946
1.945526
0.27952674
-0.6216654
-0.07267389
0.2856934
-0.0050017615
-0.009377333
-0.4525153
0.94119096
0.051335555
-2.091381
-1.4516293
0.90743685
-1.6535119
-1.13464
2.2403126
-0.17923287
0.6281768
1.2593722
2.2643373
2.4456859
-1.3468188
-0.47577623
-0.22261772
0.143503
-3.283505
-1.5478519
0.5819952
-1.4580966
-2.345256
-1.5526357
-2.4719036
1.7498279
-2.20781
0.10314954
-0.037279353
-0.44136703
1.8998109
-0.9821769
2.1998875
1.6329293
0.5877814
