3.2129173
2.922567
0.5548393
-1.8733317
1.3554578
-0.16906342
0.4576335
-0.7334695
0.7387752
-0.3968248
-1.5591384
0.8905741
-1.6408031
1.1008863
1.2394086
2.175088
0.65042883
-2.6224346
-0.32992426
-0.97914344
-0.37123427
-0.33073884
2.145855
0.23406363
-0.69617593
0.028891241
0.1970461
-0.04189949
0.07023187
-0.71182173
0.9679799
0.10701769
-2.0385416
-1.728674
0.9028863
-1.5659472
-1.237029
2.5203364
-0.1830641
0.65997094
1.1843945
2.5519977
2.514909
-1.4026345
-0.5408131
-0.09261123
0.24061786
-3.4479673
-1.5773394
0.47479147
-1.564705
-2.389137
-1.5152177
-2.5328026
1.7559552
-2.3018692
0.06781205
-0.06585014
-0.43478495
1.9155998
-1.0146825
2.5744464
1.6359372
0.55545783
