3.2701766
2.959423
0.5727704
-1.9359092
1.3370986
-0.18962513
0.43629855
-0.75992656
0.7248971
-0.3605057
-1.595662
0.8672864
-1.6717767
1.1496497
1.2226509
2.2428029
0.6353553
-2.6739984
-0.35721582
-0.9908778
-0.3611366
-0.38061774
2.225148
0.24424714
-0.6999312
0.086596124
0.1869627
-0.06785931
0.055242874
-0.8126582
0.939193
0.14663325
-2.0382912
-1.7867186
0.8991272
-1.5170916
-1.2989779
2.5852
-0.17503467
0.6654506
1.1590959
2.6090255
2.5024176
-1.4218404
-0.5737546
-0.041402586
0.263019
-3.488487
-1.549473
0.4931269
-1.6051486
-2.3869665
-1.5071298
-2.569872
1.7258596
-2.3377488
0.051170014
-0.0635553
-0.4004067
1.9262086
-1.1004874
2.6640756
1.5896779
0.5185074
