3.0667384
2.9070592
0.52073884
-1.6886607
1.3037987
-0.2395992
0.4931804
-0.6407053
0.7385797
-0.37237385
-1.5406344
0.97643554
-1.6651115
1.1476524
1.227873
1.9927762
0.7139777
-2.4116073
-0.24440381
-0.8544459
-0.47321272
-0.25209162
1.951597
0.26134726
-0.64352554
-0.073106386
0.24267423
0.014935296
0.002295745
-0.4889038
0.9484784
0.082319595
-2.0963552
-1.4688971
0.90557
-1.6340623
-1.1260617
2.293001
-0.1879441
0.61750567
1.2564542
2.3065805
2.445695
-1.3314875
-0.50452155
-0.21223696
0.15751511
-3.2891414
-1.5620335
0.573611
-1.4718747
-2.3695724
-1.5584161
-2.4730694
1.7421976
-2.2143464
0.117974855
-0.03385944
-0.44615135
1.8923272
-0.99102885
2.235603
1.5950223
0.63200915
