2.8955102
2.9397576
0.51482534
-1.6531458
1.2890823
-0.13346787
0.5001141
-0.5179504
0.7446799
-0.38880885
-1.5628992
1.0213692
-1.7020844
1.2102473
1.2278665
1.8214875
0.7531991
-2.2429643
-0.22662674
-0.7764821
-0.47593498
-0.29973242
1.7646896
0.33870116
-0.70272696
-0.1425587
0.34994105
0.045377366
-0.0033845017
-0.20650361
0.9270137
0.04062788
-2.1008754
-1.2967961
0.8171088
-1.6637521
-1.0879084
2.0579035
-0.1708366
0.70941395
1.3431716
1.9848799
2.4247484
-1.2578255
-0.39721993
-0.30136207
0.09015021
-3.1340342
-1.5636958
0.70069563
-1.3667165
-2.2731028
-1.5015153
-2.4646325
1.699578
-2.153401
0.097917415
-0.041748766
-0.47367603
1.7609079
-0.98846656
2.0484035
1.6549163
0.64843404
