3.1829116
2.9117818
0.56094944
-1.8232342
1.3537778
-0.20361781
0.4254243
-0.74008393
0.74942976
-0.40214142
-1.551151
0.9057686
-1.6395489
1.1112446
1.2150795
2.1079032
0.6462341
-2.5714507
-0.30972967
-0.95706826
-0.35893473
-0.3173527
2.0833664
0.22708878
-0.6724565
-0.008131578
0.2065929
-0.047024872
0.047958475
-0.68483955
0.9461592
0.086568646
-2.0449615
-1.6830037
0.9290753
-1.5781913
-1.1874485
2.4645722
-0.1890801
0.6174884
1.2075751
2.51152
2.4993494
-1.3702356
-0.5341325
-0.1142589
0.21302915
-3.4243624
-1.576974
0.4917629
-1.5395982
-2.3985054
-1.5211527
-2.5261304
1.7655733
-2.275627
0.11000712
-0.063348316
-0.43997774
1.9103631
-1.0027657
2.4994283
1.6205864
0.5338841
