1.5992371
1.7546748
0.3689571
0.15978411
1.1541126
-0.55320644
0.38862452
0.15399776
0.37147146
-0.9013883
-1.0252126
1.8758428
-0.6502436
1.5870825
1.0979862
0.57502556
-0.19580126
-0.4479788
-0.65046185
-0.16294478
-0.34535673
-1.1001493
0.9787068
-0.02676456
-0.35681966
-0.4918651
0.23342142
1.1927625
0.08032175
-0.12709956
-0.5270073
0.15239649
-1.7784352
-0.61142004
0.046611283
-1.674247
-0.29465315
0.6555055
-0.37069973
0.06371173
1.9541491
-0.20224012
1.0786091
-0.4091355
-0.07199602
-0.8087238
-0.42900693
-1.6619157
-1.4627559
1.3363568
-0.4216359
-1.4758831
-0.31007347
-1.5979713
1.3257297
-1.8110002
-0.012226592
0.20681925
-0.4528619
0.27163526
-0.6272225
0.816248
0.89961326
0.014677359
