2.6219563
2.921837
0.4279053
-1.5452248
1.2322727
-0.12086429
0.5762105
-0.43155733
0.76060146
-0.3790819
-1.5370953
1.016911
-1.5848994
1.3552996
1.2562767
1.7430298
0.7898924
-2.0110152
-0.21125776
-0.5915558
-0.4443962
-0.446773
1.6143343
0.33919764
-0.7247893
-0.20484927
0.43836907
0.09543761
-0.0058090314
0.07107891
0.8384378
0.11729173
-2.0446677
-1.1618108
0.72186524
-1.6807985
-1.0791968
1.9058737
-0.19953151
0.68991506
1.462577
1.65151
2.2818675
-1.1799737
-0.44083384
-0.40034539
-0.04910802
-3.0535953
-1.6356641
0.87464833
-1.261524
-2.0528564
-1.4125326
-2.4208422
1.7379456
-2.0773644
0.13238221
-0.05785424
-0.56641644
1.575201
-0.9194529
2.024161
1.6388127
0.77670443
