1.6165811
1.7234901
0.3716927
0.25478098
1.142947
-0.5890241
0.37715283
0.20296983
0.3747964
-0.9638434
-1.0519177
1.890354
-0.606565
1.59041
1.076158
0.56958395
-0.18194036
-0.4367467
-0.673727
-0.17878938
-0.27176368
-1.079134
0.9767123
-0.08344068
-0.33084792
-0.38919044
0.20478323
1.183385
0.0926966
-0.099264935
-0.5670229
0.11585383
-1.7935243
-0.58893263
0.0069289883
-1.6722834
-0.21360856
0.62870175
-0.3014597
0.06469665
1.9668938
-0.2412084
1.0675914
-0.3476646
-0.08583428
-0.7665481
-0.43497026
-1.5918019
-1.4578288
1.3686867
-0.35713357
-1.4772335
-0.264357
-1.5397099
1.2816943
-1.7533033
-0.017462915
0.25272432
-0.4171648
0.2006359
-0.6359945
1.2864227
0.84255886
-0.01062623
