3.003213
2.9151714
0.5178712
-1.6779741
1.3078492
-0.1584278
0.47399265
-0.6066394
0.76302844
-0.36057886
-1.5493491
1.027437
-1.6644702
1.1613791
1.2198153
1.9184166
0.74138904
-2.323907
-0.2403498
-0.8131483
-0.46387947
-0.25541335
1.8982118
0.28812203
-0.6356234
-0.09156449
0.28715056
0.004981674
0.006437782
-0.39706782
0.9726294
0.065994255
-2.0884326
-1.3973341
0.8571953
-1.6847898
-1.1186185
2.1743243
-0.18964131
0.6427788
1.278039
2.1809967
2.4214613
-1.3064775
-0.456023
-0.21629472
0.14990777
-3.2294197
-1.5508703
0.62856466
-1.45506
-2.3377705
-1.5915478
-2.4692457
1.7247591
-2.2065175
0.10665445
-0.050036766
-0.45784622
1.8545344
-0.98565567
2.1753623
1.6332666
0.5985659
