3.3276098
2.9631631
0.5777737
-1.9551684
1.3347157
-0.19839904
0.39533943
-0.7784854
0.73064166
-0.36374217
-1.6176424
0.8474571
-1.6983266
1.1338165
1.2066184
2.2923574
0.6261938
-2.7127447
-0.3687369
-1.0211596
-0.34198725
-0.39681676
2.2735238
0.2547783
-0.72381634
0.066934094
0.16268261
-0.09818792
0.05557885
-0.87903374
0.93801355
0.16230415
-2.0315018
-1.8135822
0.86851263
-1.4944882
-1.3338743
2.648057
-0.19255337
0.64514226
1.1668996
2.6652107
2.5491905
-1.4289715
-0.5661191
-0.03468818
0.2506086
-3.532152
-1.5559642
0.5086811
-1.6188577
-2.3896885
-1.4745967
-2.5955064
1.702519
-2.3803635
0.05822855
-0.06178292
-0.4176913
1.968037
-1.1221617
2.7094646
1.6254469
0.52526027
