3.091675
2.9156597
0.5293767
-1.756477
1.3195097
-0.2005469
0.45681244
-0.70492834
0.7390147
-0.40255952
-1.5372983
0.94857395
-1.6621503
1.1368749
1.2209522
2.0572171
0.70436317
-2.4958146
-0.3046635
-0.91384435
-0.38645783
-0.27454522
2.0338786
0.24764232
-0.65938044
-0.06612808
0.21442693
-0.0090733245
0.053410843
-0.58070856
0.9580492
0.083555855
-2.0756798
-1.5599267
0.9331189
-1.6139182
-1.1545923
2.3759222
-0.18630472
0.62844926
1.2353946
2.407874
2.4615726
-1.3638188
-0.51851356
-0.14622189
0.18337017
-3.3564284
-1.5639569
0.5327617
-1.4953938
-2.4210656
-1.5453049
-2.4772856
1.7579651
-2.247446
0.11881413
-0.041064244
-0.45385718
1.9032682
-0.999173
2.3568482
1.6070698
0.55234265
