2.7934875
2.9599338
0.49451813
-1.6288882
1.271071
-0.1114232
0.56910664
-0.46744454
0.7491843
-0.40971762
-1.5550519
1.0312047
-1.6504588
1.2775948
1.239886
1.7855705
0.7496659
-2.1810043
-0.21264148
-0.7025787
-0.47550768
-0.34732947
1.7189738
0.35075668
-0.7236879
-0.15919922
0.39501366
0.062643915
-0.013719363
-0.08091298
0.8977362
0.07677703
-2.0871937
-1.2623932
0.7567637
-1.6688244
-1.0798012
1.9842387
-0.1836432
0.699647
1.3899784
1.8649167
2.3837047
-1.2275593
-0.3938515
-0.3660124
0.052573662
-3.0912578
-1.579119
0.7627352
-1.3249364
-2.1751716
-1.4145766
-2.4466994
1.7196577
-2.116061
0.09578276
-0.03114485
-0.5058287
1.6822778
-0.9663571
2.0093937
1.6424899
0.6962924
