2.8229816
2.946396
0.5005509
-1.6407737
1.2687962
-0.1340952
0.5532328
-0.4947097
0.74210966
-0.42050427
-1.5620775
1.0222107
-1.6580354
1.2580173
1.2346978
1.7880363
0.7394554
-2.2333324
-0.20325528
-0.7509936
-0.4814186
-0.3178217
1.740956
0.34855536
-0.71900094
-0.14373608
0.3616521
0.053355295
0.01371223
-0.13714176
0.8992203
0.072970994
-2.0835862
-1.2754173
0.78248477
-1.6543527
-1.0884985
2.0344512
-0.1614321
0.7001172
1.3645784
1.9446119
2.4036133
-1.2433574
-0.402593
-0.3192172
0.077746965
-3.141413
-1.5914011
0.741151
-1.3260487
-2.2426724
-1.4753139
-2.4565916
1.7056392
-2.1368775
0.08283714
-0.037129723
-0.49748906
1.7276597
-0.9714769
2.030559
1.630324
0.6547982
