3.1341808
2.908752
0.54124016
-1.787588
1.3493165
-0.21845838
0.44514844
-0.73646975
0.7462781
-0.4074365
-1.5412686
0.91606927
-1.6310933
1.1187166
1.2313399
2.1259377
0.6885225
-2.513185
-0.30105442
-0.91729146
-0.3869566
-0.29501548
2.0757995
0.23914753
-0.6480194
0.008599898
0.18780522
-0.009550751
0.0435446
-0.61040986
0.9676309
0.07488514
-2.0531833
-1.6369723
0.92211217
-1.5964973
-1.1598718
2.4114134
-0.19966207
0.62100667
1.2216681
2.44277
2.499651
-1.3755751
-0.55062026
-0.15094481
0.18799064
-3.3896139
-1.568716
0.50399166
-1.5188941
-2.392208
-1.5401047
-2.4975471
1.7652225
-2.2361834
0.10833476
-0.054262616
-0.4413527
1.8914641
-0.99468637
2.4238126
1.6093042
0.54702234
