3.2284935
2.9410558
0.5751956
-1.90023
1.3551234
-0.17746995
0.43976575
-0.73895687
0.7379765
-0.41062108
-1.5772403
0.8435911
-1.6319339
1.1397736
1.2173973
2.2048607
0.64012206
-2.656856
-0.33159417
-1.0099814
-0.35268965
-0.3705306
2.1844585
0.24161862
-0.6999444
0.064932354
0.18880482
-0.056124885
0.06939911
-0.76714694
0.9436348
0.11864664
-2.024552
-1.7705836
0.8814105
-1.5476624
-1.2353166
2.5552795
-0.20484886
0.66805965
1.1936871
2.582473
2.521867
-1.4057485
-0.5464849
-0.06759977
0.25834334
-3.4787943
-1.5688624
0.47449556
-1.5738121
-2.3995836
-1.5176117
-2.5541081
1.7312834
-2.3327804
0.07174835
-0.062096894
-0.42618152
1.9412789
-1.0730274
2.6306462
1.6095017
0.55299044
