2.9954336
2.9018252
0.5257054
-1.6947783
1.2904567
-0.16603331
0.47272974
-0.57855874
0.7450608
-0.37479666
-1.555621
1.0362147
-1.6850405
1.1597959
1.2321205
1.8931481
0.75562155
-2.3105137
-0.23243554
-0.8058635
-0.47586727
-0.27344683
1.8388262
0.3102753
-0.65407807
-0.11876351
0.30147773
0.019187532
-0.009618847
-0.3302474
0.97874135
0.052507613
-2.066853
-1.3567103
0.8333761
-1.6820186
-1.1183406
2.129522
-0.1628686
0.6382843
1.3001585
2.1247196
2.4100065
-1.2837297
-0.41663593
-0.24356915
0.12931687
-3.1883836
-1.5498047
0.64884514
-1.4200982
-2.3121095
-1.5381316
-2.4690738
1.6990703
-2.1777809
0.100597225
-0.04579595
-0.46014902
1.854147
-0.9940379
2.0940251
1.6410912
0.591297
