2.9606419
2.9354796
0.52383095
-1.6871368
1.2731462
-0.12634276
0.50058365
-0.5529558
0.73787105
-0.37965795
-1.5646347
1.0168265
-1.6863831
1.1798614
1.2086554
1.8587474
0.74442494
-2.2798364
-0.22208266
-0.7790533
-0.49577886
-0.28758636
1.8060024
0.3318967
-0.6679123
-0.12617196
0.3252967
0.020436684
-0.0052286754
-0.26922864
0.9470268
0.049810514
-2.0934696
-1.3303753
0.8306346
-1.6712801
-1.0870113
2.1009178
-0.16538335
0.6473587
1.3216865
2.058998
2.4178603
-1.2797976
-0.417732
-0.26550347
0.13577127
-3.1657987
-1.5496576
0.67704886
-1.3713125
-2.2951522
-1.4880877
-2.4492946
1.7294288
-2.172415
0.0797503
-0.031046329
-0.46814442
1.8248905
-0.98663116
2.0589995
1.6627481
0.5960171
