3.3565547
2.9959433
0.5935939
-1.9825878
1.354402
-0.22403966
0.36846447
-0.80649114
0.7261363
-0.36473227
-1.6433792
0.8340219
-1.7269628
1.1242719
1.1859448
2.342131
0.6230514
-2.7201314
-0.38220894
-1.037864
-0.34399104
-0.41604567
2.3412297
0.26107043
-0.7328807
0.05998443
0.14980622
-0.12306664
0.05853138
-0.90631264
0.972059
0.17136057
-2.0330572
-1.8195138
0.8925367
-1.4807211
-1.3395056
2.6770854
-0.19306152
0.64312756
1.1704453
2.7056785
2.5520566
-1.4037967
-0.5600113
0.012642483
0.306619
-3.5638404
-1.5526345
0.5237466
-1.6364133
-2.3954563
-1.4640481
-2.6153193
1.6893529
-2.3877218
0.06835594
-0.07251336
-0.39633113
1.9713119
-1.1547194
2.731491
1.638168
0.49654138
