2.6730206
2.9213204
0.44415238
-1.5780747
1.2370337
-0.10748275
0.5931224
-0.4614711
0.7449963
-0.38292763
-1.5642813
1.0029212
-1.6054251
1.3301067
1.2531475
1.762141
0.7897218
-2.1012704
-0.20108216
-0.6198846
-0.44976532
-0.42788965
1.6385535
0.32395023
-0.72307014
-0.18963847
0.40521958
0.07074443
0.024284225
0.01632795
0.84813386
0.09803619
-2.057329
-1.2085949
0.7236033
-1.6635383
-1.0757438
1.9406579
-0.1981169
0.6998461
1.4479707
1.723503
2.3202667
-1.2055261
-0.42744586
-0.39399037
-0.027726399
-3.0645819
-1.6436255
0.8376176
-1.2942564
-2.092036
-1.4259024
-2.437593
1.7245849
-2.1118448
0.11646056
-0.030519849
-0.549755
1.6399938
-0.9254143
2.0416965
1.625427
0.74633735
