3.069144
2.927935
0.5536373
-1.7144235
1.292184
-0.24256183
0.46138328
-0.6752895
0.7274005
-0.41276196
-1.5174311
0.9629572
-1.6488748
1.1381925
1.2075961
2.046437
0.7194858
-2.457721
-0.2571721
-0.8899715
-0.444667
-0.2694287
2.0181153
0.24793127
-0.63794696
-0.06859749
0.24263276
-0.0062235845
0.031387556
-0.52713966
0.9562507
0.06801912
-2.0741718
-1.5084598
0.93439096
-1.6017075
-1.1532578
2.3193958
-0.17339712
0.64459497
1.2372394
2.3648293
2.4596183
-1.3630637
-0.50131553
-0.17983201
0.16490524
-3.3361924
-1.5650806
0.54355216
-1.4805692
-2.3904228
-1.568432
-2.4883347
1.7513304
-2.2185616
0.13484773
-0.045271773
-0.43483025
1.920026
-1.0078323
2.2850296
1.6183671
0.559778
