3.3662825
3.0167308
0.5815135
-2.018284
1.3606743
-0.24635133
0.28586897
-0.8628371
0.6967315
-0.33398852
-1.6911873
0.81622535
-1.7971247
1.1201518
1.1479017
2.40129
0.60037595
-2.819276
-0.41295314
-1.0852356
-0.3509607
-0.46059695
2.4142168
0.27572322
-0.75006926
0.07600928
0.17426425
-0.13503833
0.06565212
-1.0515435
1.0304188
0.2259504
-2.037173
-1.8519759
0.8377103
-1.4279557
-1.3925902
2.743244
-0.19765086
0.6597671
1.1352288
2.7945826
2.567355
-1.4411762
-0.57125133
0.039448153
0.31173745
-3.591069
-1.528139
0.5170671
-1.675865
-2.396873
-1.4761251
-2.628561
1.6696639
-2.4294126
0.034684
-0.039906237
-0.40090021
2.0407324
-1.1943263
2.8151965
1.6589824
0.5280706
