3.3736637
3.0903425
0.54502714
-2.041181
1.3714477
-0.3489047
0.24939229
-0.888218
0.6709888
-0.3164573
-1.7400163
0.7996527
-1.8253132
1.1361374
1.1305286
2.4971292
0.61017615
-2.8947875
-0.48531616
-1.1505984
-0.33976725
-0.5016047
2.4641466
0.28781033
-0.7497964
0.06549521
0.18103373
-0.17529337
0.029132534
-1.1387817
1.0871913
0.25962788
-2.035783
-1.8869258
0.81643945
-1.3941265
-1.4646771
2.7991924
-0.21963875
0.6627645
1.1326962
2.9112375
2.6057656
-1.4647071
-0.5835837
0.056255497
0.34895277
-3.6586587
-1.5348719
0.54287094
-1.6893089
-2.409607
-1.4421942
-2.6393476
1.6705493
-2.4654043
0.04668145
-0.03844064
-0.3763244
2.1767128
-1.2331946
2.8787332
1.6944853
0.5001979
