3.4368114
3.3906996
0.49183527
-2.1182117
1.5494128
-0.5033563
-0.08859678
-0.95972514
0.67104495
-0.10433912
-1.9738107
0.4917697
-2.043426
1.0703835
1.0102865
2.707867
0.6068605
-3.2305546
-0.6154091
-1.3015661
-0.35224786
-0.6008596
2.569858
0.45342356
-0.90001476
0.38618913
0.24949616
-0.14198375
-0.052558154
-1.6461407
1.0882257
0.51811695
-1.874938
-1.9911985
0.88035357
-1.3365508
-1.6535575
2.9940546
-0.29592827
0.76222694
0.95909417
3.4004192
2.8946142
-1.5510426
-0.57897735
0.17823502
0.5560224
-3.79605
-1.5333301
0.55472565
-1.7913786
-2.4878733
-1.3709161
-2.625459
1.832852
-2.560311
0.09667041
-0.07696245
-0.2614682
2.9047801
-1.5618471
3.3496342
1.7631009
0.42200148
