3.421246
3.3451822
0.47550067
-2.112698
1.5093127
-0.5074965
-0.044650793
-0.91814137
0.67661774
-0.11014174
-1.9196354
0.55652773
-2.0661278
1.0620111
1.0127765
2.6715367
0.57241565
-3.1809556
-0.59652245
-1.2898278
-0.3528987
-0.5658114
2.5899682
0.44609526
-0.9057461
0.3245683
0.20075148
-0.13504541
-0.054113146
-1.5752666
1.1320862
0.49924377
-1.9059013
-1.9360734
0.8455068
-1.3412111
-1.649142
2.9977937
-0.2888745
0.7639035
0.9961155
3.3025682
2.902689
-1.5214748
-0.5649125
0.12783392
0.5607483
-3.8033051
-1.5246915
0.50204504
-1.7797046
-2.5135639
-1.3738852
-2.6119754
1.8348446
-2.555224
0.10182566
-0.068799086
-0.25159758
2.8222766
-1.547637
3.2801087
1.7195861
0.42653435
