3.376339
3.1774101
0.5429261
-2.0777352
1.4346355
-0.39101148
0.10641056
-0.9027516
0.6521987
-0.21939164
-1.8226732
0.7440918
-1.9740704
1.1273898
1.1311862
2.5629976
0.5812522
-2.9751554
-0.5721473
-1.2436197
-0.33765435
-0.50935936
2.5631886
0.3497522
-0.8065134
0.18016174
0.14335719
-0.16176112
0.020343337
-1.3962536
1.1060222
0.39161178
-1.9767594
-1.9260405
0.8381114
-1.383367
-1.5720371
2.9638193
-0.22756046
0.7402199
1.0706743
3.0671546
2.757915
-1.498714
-0.53643024
0.062777214
0.48134062
-3.7416441
-1.5106684
0.4998452
-1.7102485
-2.485167
-1.4511888
-2.6415846
1.7106049
-2.5063071
0.046478618
-0.04511125
-0.31148636
2.4693835
-1.3585424
3.032313
1.6522647
0.47870407
