3.4178185
3.444975
0.49070317
-2.1347275
1.585881
-0.51138735
-0.110455155
-0.9613042
0.67244506
-0.09638542
-2.0290368
0.46296605
-2.0739899
1.084007
0.98298573
2.714699
0.60942316
-3.2822433
-0.6194006
-1.2970862
-0.3470832
-0.617314
2.5849965
0.46866006
-0.8832075
0.4194949
0.24777202
-0.1735091
-0.06496053
-1.6704422
1.0574348
0.5252274
-1.8574109
-2.0155003
0.87825835
-1.3189504
-1.6882353
2.9630315
-0.31184313
0.74836814
0.95254546
3.4429762
2.9155483
-1.5320185
-0.58485156
0.2013339
0.5663173
-3.7830763
-1.515769
0.5555431
-1.7924271
-2.496391
-1.3136951
-2.624238
1.8842615
-2.5555272
0.13317153
-0.08110441
-0.2771705
2.9512568
-1.5813466
3.4310882
1.7511002
0.3966762
