3.3878033
3.2064729
0.5282089
-2.0689945
1.4401848
-0.44011116
0.067815036
-0.92024404
0.6331714
-0.18922243
-1.8213297
0.7142075
-1.9989715
1.0984055
1.1070994
2.5824025
0.57274395
-2.9994469
-0.5619335
-1.276062
-0.3634044
-0.5189742
2.5647688
0.3598929
-0.81151944
0.19705582
0.15505742
-0.15013207
-0.0006461951
-1.4399027
1.0791562
0.40556303
-1.9340883
-1.9208139
0.8324047
-1.374355
-1.5695662
2.952315
-0.23418961
0.7469616
1.0565782
3.1540418
2.788306
-1.4801992
-0.53863806
0.07238334
0.494136
-3.771594
-1.5067121
0.49680024
-1.7177653
-2.4910898
-1.4378669
-2.6191242
1.729359
-2.5014791
0.061191212
-0.04530248
-0.2936382
2.5046406
-1.3984389
3.0454652
1.6632717
0.4689599
