3.3790333
3.2204456
0.5259262
-2.0687442
1.420747
-0.430592
0.054130904
-0.9507099
0.6345543
-0.17533742
-1.837499
0.67598224
-2.0083616
1.0922396
1.0876256
2.599405
0.57696253
-3.0449522
-0.578393
-1.2875012
-0.3580363
-0.5310216
2.524874
0.38975358
-0.86100215
0.2235458
0.17603667
-0.13311069
-0.005394235
-1.441486
1.1388469
0.4249812
-1.9351426
-1.9408293
0.8321977
-1.3601183
-1.5575453
2.9960155
-0.22564255
0.762584
1.0404238
3.1401434
2.8269415
-1.5181146
-0.55121315
0.080092125
0.50247645
-3.7794378
-1.5110593
0.493434
-1.7281444
-2.47235
-1.4200087
-2.6243768
1.7442248
-2.5182636
0.067585506
-0.04656357
-0.2757248
2.5940003
-1.4352614
3.1317413
1.676428
0.45517847
