3.3746336
3.0764058
0.58332515
-2.0923104
1.3737702
-0.31894898
0.21428679
-0.88260823
0.6696624
-0.29883492
-1.772128
0.80181444
-1.8534967
1.1115175
1.1425205
2.4577138
0.5954238
-2.8906236
-0.5293429
-1.183799
-0.35307652
-0.49049327
2.465837
0.2992337
-0.75193
0.10507765
0.17353149
-0.16637199
0.0462153
-1.2149565
1.0981351
0.28566727
-2.0168571
-1.8941683
0.8420191
-1.3817526
-1.4792825
2.827066
-0.21128343
0.70104384
1.1162876
2.9816632
2.6498296
-1.4766661
-0.5677326
0.038322307
0.38252982
-3.6817605
-1.515781
0.5002154
-1.6894695
-2.446225
-1.4593678
-2.6372151
1.679099
-2.4629564
0.022074696
-0.033998106
-0.36810282
2.193648
-1.2633137
2.896429
1.6615043
0.4996972
