3.3695385
3.1337147
0.57870936
-2.064863
1.4285659
-0.36426708
0.13860843
-0.8966905
0.6358964
-0.25346294
-1.8045782
0.769731
-1.9043764
1.1250243
1.131406
2.5327513
0.6030034
-2.9737046
-0.5402024
-1.2212052
-0.35341233
-0.5232933
2.5113354
0.32156658
-0.77203196
0.13367549
0.1519707
-0.18044616
0.046147995
-1.295526
1.1240251
0.3450965
-2.004707
-1.9022214
0.8169893
-1.3878824
-1.5503674
2.9048212
-0.2281295
0.6947081
1.0779767
3.0271826
2.722435
-1.4846069
-0.575338
0.056932673
0.43852085
-3.7343278
-1.5095129
0.48772165
-1.6912777
-2.4728918
-1.454617
-2.629867
1.7039801
-2.4988546
0.05388936
-0.035506334
-0.31417358
2.3433075
-1.3096375
2.950572
1.6536746
0.5126508
