3.39491
3.3107116
0.5036105
-2.080728
1.4595964
-0.46578774
0.010828477
-0.91487235
0.6494755
-0.13620311
-1.8684392
0.6130039
-2.05028
1.0573481
1.070818
2.6397688
0.5780891
-3.1150205
-0.5838907
-1.2869477
-0.35834292
-0.5625019
2.5695972
0.41106746
-0.88741016
0.25786817
0.17120585
-0.102491684
-0.020974303
-1.4922056
1.1197914
0.48417932
-1.8992478
-1.9169632
0.83514977
-1.3897471
-1.6169568
3.0381472
-0.24043584
0.77307445
1.0359302
3.2513347
2.8366659
-1.5066758
-0.54393554
0.13308403
0.549215
-3.7853243
-1.5297283
0.51705843
-1.7790942
-2.4786007
-1.3875047
-2.6157777
1.7943665
-2.540274
0.08868012
-0.04687678
-0.26581258
2.7212276
-1.5048622
3.2461603
1.6885475
0.44522187
