3.3695228
3.1081412
0.5764553
-2.0763214
1.4116085
-0.35789296
0.16768122
-0.8727277
0.67728245
-0.26861268
-1.7782729
0.7864585
-1.8653221
1.1070498
1.1201112
2.5147073
0.6005291
-2.9448967
-0.5337283
-1.196405
-0.36133286
-0.53351194
2.50181
0.28201833
-0.769769
0.12133946
0.1622624
-0.15892851
0.018614601
-1.2686441
1.0908421
0.32722738
-2.0087743
-1.8949795
0.85236335
-1.3764775
-1.4963037
2.8729475
-0.217954
0.6814135
1.0931156
2.989486
2.681982
-1.4816566
-0.5440884
0.037063736
0.40087223
-3.7329175
-1.5109588
0.51056564
-1.665203
-2.456287
-1.4262646
-2.607983
1.688328
-2.482654
0.017927319
-0.037108567
-0.33320346
2.273532
-1.3023646
2.9422026
1.6657188
0.48153463
