3.3927376
3.1530714
0.555661
-2.0687923
1.448686
-0.39162412
0.13812388
-0.8843304
0.6394078
-0.23763625
-1.8379782
0.74595135
-1.925105
1.1025285
1.1314903
2.5630655
0.5934371
-2.9530556
-0.5526044
-1.2367148
-0.3391654
-0.5386787
2.5435195
0.3187535
-0.79780793
0.1482148
0.14905785
-0.16393834
0.050611865
-1.3411663
1.1081914
0.37697738
-1.982539
-1.9273696
0.81982493
-1.3849282
-1.576396
2.9484706
-0.2184288
0.70674455
1.0598252
3.0579245
2.7199879
-1.4942265
-0.5492971
0.07951432
0.45828617
-3.7520459
-1.506936
0.51062316
-1.7044551
-2.469891
-1.4686673
-2.6254666
1.6911283
-2.4922302
0.06596036
-0.047488715
-0.32607
2.4002306
-1.3373663
3.0022202
1.6549994
0.49613854
