1.6108962
1.7655206
0.38018203
0.043108653
1.1585945
-0.50226194
0.40124846
0.08846275
0.34526733
-0.8233688
-1.0325915
1.8515651
-0.68339413
1.5949142
1.122726
0.560276
-0.1931541
-0.4893445
-0.6010198
-0.14941978
-0.37674052
-1.1199281
0.93836623
0.017847052
-0.39072612
-0.54355466
0.24297987
1.17502
0.0769758
-0.13997942
-0.4491747
0.17996445
-1.7398846
-0.6231705
0.10155242
-1.6839536
-0.38112605
0.7048871
-0.4389587
0.08987097
1.9138833
-0.17994216
1.1151302
-0.47670883
-0.030391611
-0.82779217
-0.4250223
-1.7023108
-1.4865574
1.2978424
-0.476097
-1.4641732
-0.39813825
-1.6513801
1.3498276
-1.8450546
-0.005031176
0.17898558
-0.49971408
0.3563827
-0.59316516
0.8165195
0.95446265
0.019668998
