3.3889055
3.0758977
0.5682108
-2.0518305
1.3624817
-0.30060604
0.26548654
-0.8430093
0.6907141
-0.31284663
-1.7021679
0.8090429
-1.8219512
1.1110758
1.1397789
2.4338722
0.59569895
-2.8786616
-0.44199947
-1.1157509
-0.33036903
-0.46938437
2.4403732
0.27897638
-0.7610094
0.09108993
0.1835704
-0.16390277
0.0820495
-1.0981402
1.0343931
0.24975097
-2.059718
-1.884458
0.8319683
-1.4022611
-1.4527082
2.8051915
-0.2086487
0.63455933
1.1297203
2.8526819
2.5892193
-1.4522668
-0.5749162
0.036971103
0.3376597
-3.6286209
-1.5264152
0.5037957
-1.6727724
-2.3943245
-1.4647021
-2.6237257
1.6600235
-2.4491293
0.032312322
-0.04463249
-0.39476025
2.1105726
-1.195596
2.8647316
1.6703486
0.50256515
