3.3754182
3.2633326
0.53490037
-2.083282
1.431811
-0.4601467
0.03744763
-0.94435275
0.6415487
-0.17897007
-1.8570964
0.6525038
-2.049866
1.1008581
1.0852207
2.617437
0.57592887
-3.0799294
-0.6028559
-1.3077512
-0.35170707
-0.5463482
2.5795937
0.38508648
-0.85002303
0.2329754
0.1615638
-0.12309911
-0.044938315
-1.4851537
1.1196322
0.44360375
-1.9153925
-1.9516659
0.8494873
-1.3720139
-1.6264325
2.9895096
-0.25363094
0.78312284
1.0466696
3.1892307
2.8359048
-1.5007879
-0.5363098
0.09992835
0.5260015
-3.7891762
-1.5037843
0.49560454
-1.7678161
-2.4750276
-1.3942852
-2.6226578
1.763307
-2.5412571
0.077272706
-0.04924078
-0.2864294
2.650573
-1.4726186
3.168704
1.6543913
0.4465808
