3.413104
3.5050335
0.4899108
-2.129155
1.6403824
-0.5201872
-0.13484286
-1.0298812
0.6652569
-0.072605215
-2.0699627
0.40599003
-2.0529916
1.0983858
0.9508832
2.7696733
0.5903273
-3.3195899
-0.64216685
-1.3075721
-0.36110803
-0.64362735
2.569411
0.49131405
-0.909103
0.48755434
0.33112073
-0.15241113
-0.088508904
-1.7577555
1.0498441
0.5512439
-1.8605121
-2.0521948
0.9246695
-1.293431
-1.6828349
2.9551213
-0.31613702
0.74078494
0.92295486
3.5747
2.9963958
-1.571893
-0.6242178
0.2723451
0.5846186
-3.7801826
-1.5767714
0.57105374
-1.7606502
-2.4999762
-1.3647909
-2.6571712
1.9229912
-2.539095
0.095662385
-0.061687004
-0.25062975
3.0477214
-1.6174341
3.5708954
1.755725
0.32413325
