3.4159439
3.4629977
0.48037058
-2.1376753
1.6066774
-0.4924758
-0.1122395
-0.96081066
0.6670318
-0.10430492
-2.0629048
0.43060958
-2.0605628
1.1029112
0.96931094
2.7514327
0.61314815
-3.292245
-0.63935435
-1.3076919
-0.36245808
-0.6112323
2.577601
0.4809449
-0.8978408
0.4511103
0.28382197
-0.15846276
-0.05554368
-1.6963689
1.0744996
0.5456178
-1.8358221
-2.043294
0.8757403
-1.3138368
-1.6479872
2.966761
-0.3184813
0.76172006
0.94798905
3.4937932
2.940773
-1.5334661
-0.5827864
0.25659275
0.57392
-3.809512
-1.5173342
0.5716395
-1.7656344
-2.4875946
-1.3398561
-2.6288404
1.8952101
-2.5696707
0.09078817
-0.08421128
-0.25428095
2.9834952
-1.6001261
3.503702
1.7723727
0.32383803
