-0.5201315
0.23172371
-0.2942792
-1.1080999
-0.22567837
-0.45341167
0.40024152
0.5122733
-0.37357956
-1.980051
-0.05073936
0.93630975
-0.3035329
0.1335044
1.1151806
0.70808154
-1.2083788
0.40976274
1.9433583
-1.8787557
-1.1059602
-0.26042676
-0.70067614
0.36279678
0.83382714
-0.34160045
1.4445897
0.9695454
-0.37628597
0.0945095
-0.5679268
-0.04505151
0.52643275
-1.1807232
-1.9313776
0.77369004
-0.4430137
-0.24852967
-1.9571381
1.2210588
-1.4511439
0.7267174
0.28549016
-0.2546533
0.923795
-0.5321514
0.47424543
0.74609435
1.0799003
-0.26798993
1.1052607
-0.001652115
-2.0086193
1.6347617
0.67077696
-1.4706639
-0.048346814
-0.58871865
-0.12954268
-0.27708116
-0.060890052
0.07097848
-0.30250472
0.5980492
