3.4052896
3.3689463
0.47584864
-2.1121778
1.5181214
-0.5077888
-0.04863742
-0.93175465
0.6588484
-0.105186604
-1.9475788
0.5488005
-2.0542042
1.0838733
1.0093496
2.697872
0.611941
-3.213792
-0.5964106
-1.2884054
-0.35925865
-0.5651588
2.5792859
0.43532392
-0.87854564
0.36519644
0.21891609
-0.13138989
-0.04058089
-1.6193293
1.1332802
0.512846
-1.8703684
-1.9857925
0.8706569
-1.3499035
-1.6402493
2.9878826
-0.2911055
0.7767435
0.97678924
3.3473387
2.9050128
-1.514686
-0.562417
0.13960336
0.5735247
-3.7800531
-1.5288037
0.5331874
-1.7900581
-2.5089412
-1.3600451
-2.629108
1.8490711
-2.545897
0.120986864
-0.07208053
-0.28421262
2.8714645
-1.5515037
3.2997208
1.7327884
0.42303157
