3.4133155
3.3415647
0.49239105
-2.0872202
1.4667456
-0.4906741
-0.017626774
-0.9100587
0.6687574
-0.14729053
-1.90673
0.5948699
-2.0822897
1.0730456
1.050954
2.6670117
0.59677225
-3.1709907
-0.5995446
-1.2876029
-0.34183773
-0.5657063
2.5922997
0.4348215
-0.87425536
0.2995497
0.18263604
-0.09049317
-0.053871892
-1.5353793
1.1640149
0.49602327
-1.9032418
-1.9475439
0.85711706
-1.3646219
-1.6306397
2.9843726
-0.28183562
0.77303874
1.0041944
3.2794666
2.8914516
-1.5252033
-0.56294334
0.12668794
0.5542265
-3.794877
-1.5056934
0.5158157
-1.7837025
-2.4844463
-1.3588024
-2.6227922
1.8039833
-2.5421977
0.090583056
-0.040079
-0.2658846
2.759804
-1.5244157
3.2646801
1.7085241
0.4379028
