3.3638964
3.0091333
0.59066707
-1.993295
1.3396153
-0.21964781
0.33513433
-0.82819456
0.6795959
-0.36283645
-1.6778537
0.8261188
-1.754955
1.1160812
1.1746632
2.3703997
0.6121239
-2.7804196
-0.41480222
-1.0719138
-0.34041768
-0.4348063
2.3533187
0.26241425
-0.7283159
0.07734686
0.1755127
-0.12935773
0.03421593
-0.9848661
0.99786747
0.19344585
-2.0337834
-1.8356435
0.8369766
-1.4483088
-1.370475
2.686077
-0.18741763
0.65060025
1.1620184
2.7546067
2.5194774
-1.444697
-0.5753296
0.031423252
0.30064225
-3.5791686
-1.5386175
0.50636363
-1.6481692
-2.394737
-1.468303
-2.6181424
1.7114017
-2.4081414
0.048433766
-0.056799844
-0.4137609
2.0089357
-1.1563566
2.809776
1.6392263
0.5052167
