3.1858542
3.7109833
0.30525073
-2.2495294
1.7783374
-0.48802593
-0.33798224
-1.1028857
0.72881216
0.06902133
-2.4734488
-0.039476532
-2.1674685
1.1441324
0.8798226
2.9838207
0.598561
-3.701317
-0.5447981
-1.4047843
-0.45972937
-0.8270124
2.4607391
0.6605531
-0.9733714
0.67955
0.5860538
-0.30444723
-0.1350468
-2.2073236
1.1284579
0.57367253
-1.5987114
-2.4723191
0.93551326
-1.1964014
-1.6023788
2.884853
-0.3119122
0.98581874
0.8407257
3.7471144
3.3930643
-1.6147994
-0.6775092
0.5724235
0.60584086
-3.6943429
-1.4605234
0.64536035
-1.8778378
-2.5755856
-1.319435
-2.59768
2.1372838
-2.4923987
0.121775396
0.0014650555
-0.29525262
3.6117663
-1.630144
4.3447337
1.8460633
0.10177179
