3.3285155
3.5973973
0.43114737
-2.2012992
1.719854
-0.5248099
-0.23458467
-1.0283297
0.65335476
-0.0065049552
-2.21287
0.2208031
-2.1193917
1.118754
0.9106214
2.8532262
0.5886694
-3.4961638
-0.6177506
-1.3710232
-0.39147633
-0.71650803
2.5392091
0.5670202
-0.97705793
0.6054226
0.42393622
-0.20279127
-0.15177043
-1.9507173
1.0653868
0.5853351
-1.725933
-2.2274685
0.9272511
-1.2254553
-1.6807603
2.9422512
-0.30130893
0.78564334
0.896863
3.751984
3.116937
-1.5877411
-0.63460815
0.40960538
0.6038689
-3.7734063
-1.4980322
0.5910171
-1.810616
-2.5250847
-1.3485094
-2.6407292
2.028022
-2.515118
0.11351397
-0.0347043
-0.2669311
3.2257035
-1.6263591
3.8603802
1.8046533
0.22001848
