3.1503382
3.7389605
0.3211506
-2.244104
1.8098955
-0.4046177
-0.37742555
-1.1360925
0.7233268
0.16768035
-2.5941854
-0.21739973
-2.1384497
1.1579998
0.8407591
3.0716932
0.6429913
-3.685531
-0.57749194
-1.3868135
-0.49095237
-0.849245
2.4653943
0.68107635
-1.0456402
0.6912927
0.6301484
-0.40983522
-0.15466085
-2.3015444
1.1028897
0.5701087
-1.5631092
-2.5270307
0.92195773
-1.2136601
-1.568617
2.817825
-0.283444
1.0943452
0.8139244
3.7461789
3.5635898
-1.6568487
-0.6107936
0.67186207
0.6041553
-3.7336543
-1.5580498
0.6772743
-1.8858147
-2.5425003
-1.3468441
-2.5410395
2.1015618
-2.531838
0.11898262
0.03276552
-0.3611004
3.8822155
-1.6654233
4.5699654
1.898077
0.08127247
