3.404329
3.5656862
0.45927945
-2.1779203
1.6833414
-0.54026186
-0.20727456
-1.0413382
0.648927
-0.025577866
-2.184768
0.26861903
-2.0891674
1.1296495
0.92949027
2.8596585
0.61509
-3.428467
-0.63083315
-1.3413581
-0.39338848
-0.6923251
2.573875
0.53097886
-0.910052
0.55747426
0.39835644
-0.19426376
-0.10879891
-1.8779322
1.0410796
0.5699906
-1.7747246
-2.149809
0.93878627
-1.2733408
-1.6907971
2.9320025
-0.3512523
0.7545316
0.8903286
3.6485636
3.0464737
-1.556596
-0.6068639
0.34894255
0.6174212
-3.7841487
-1.5273303
0.57686055
-1.8070042
-2.504607
-1.317551
-2.6480196
1.9982895
-2.528803
0.10411324
-0.039138943
-0.26585084
3.1679568
-1.6412152
3.762254
1.7678571
0.24557024
