-0.52107686
0.23997173
-0.2857283
-1.0869201
-0.21832886
-0.41154632
0.3942726
0.4992828
-0.38818148
-2.0085151
-0.06543746
0.9875996
-0.31555995
0.2141311
1.0957329
0.76691806
-1.2055658
0.46315333
1.9539824
-1.8939527
-1.1457297
-0.276151
-0.70244175
0.3381112
0.84541065
-0.34363315
1.4356264
0.96897024
-0.38788393
0.096455075
-0.53084445
-0.040287316
0.53100544
-1.1548675
-1.9094595
0.78909
-0.47595757
-0.2754045
-1.9668604
1.2867638
-1.4335402
0.75132453
0.25470558
-0.24214502
0.9136651
-0.5533773
0.46917444
0.7354276
1.0995533
-0.2800931
1.1050342
-0.025987724
-1.9960169
1.6183234
0.6321061
-1.4493055
-0.0480714
-0.5955979
-0.17172423
-0.27448785
-0.090346076
0.050273113
-0.33216915
0.5921406
