3.1426249
3.766985
0.3430303
-2.2740467
1.8274217
-0.3665733
-0.38500908
-1.138297
0.72052526
0.14529927
-2.63706
-0.26224464
-2.1561718
1.1396215
0.82319784
3.1130273
0.64861935
-3.6830766
-0.57817864
-1.3914238
-0.5133187
-0.8443765
2.4417481
0.7170109
-1.0460535
0.6675297
0.66405797
-0.46946284
-0.14213182
-2.3176408
1.1094555
0.559594
-1.536826
-2.5321553
0.9375732
-1.1969469
-1.5619137
2.8073769
-0.28054783
1.0867268
0.8171211
3.7571259
3.5587163
-1.6770042
-0.5948261
0.68617314
0.6148513
-3.729594
-1.5785472
0.65758944
-1.8741379
-2.5437703
-1.3839326
-2.5405192
2.120552
-2.5552075
0.1422175
0.03915583
-0.3414263
3.9347456
-1.6683319
4.6538057
1.9273849
0.11505932
