3.4213126
3.5224218
0.47226724
-2.1654658
1.6650611
-0.51913965
-0.13510829
-0.9938697
0.6549868
-0.04579014
-2.1255639
0.35204396
-2.0771928
1.1192279
0.9522642
2.800206
0.63198787
-3.383209
-0.63199985
-1.3124174
-0.36490393
-0.66061985
2.5594597
0.5341693
-0.91661215
0.5012339
0.33168605
-0.16413863
-0.10226546
-1.7641474
1.0385257
0.5617025
-1.8363864
-2.0754108
0.90930563
-1.3046579
-1.6940328
2.9442055
-0.3270464
0.77473867
0.8967524
3.6014624
3.0295243
-1.5665989
-0.59795636
0.30037457
0.58013624
-3.7928507
-1.5509478
0.5846061
-1.7866011
-2.4949336
-1.3283648
-2.660073
1.9553698
-2.545623
0.10051446
-0.05974639
-0.25760537
3.0895467
-1.6199661
3.6555436
1.7782458
0.30356592
