3.214514
3.6833444
0.329437
-2.2152362
1.7835097
-0.517427
-0.298033
-1.0636762
0.71469057
0.077424996
-2.4466653
-0.005095261
-2.1691391
1.1209748
0.88716274
2.953479
0.602254
-3.7071676
-0.53946036
-1.4049431
-0.4441391
-0.8052743
2.4837325
0.6499349
-1.0148795
0.6988893
0.5843066
-0.30366102
-0.14619294
-2.2031703
1.1417352
0.5791366
-1.5980237
-2.4316466
0.9153627
-1.1880487
-1.6249248
2.8595624
-0.31678754
0.94136506
0.8426
3.759788
3.3758202
-1.6010289
-0.6791932
0.5611537
0.636856
-3.719595
-1.4519403
0.6327061
-1.8594464
-2.5237074
-1.337279
-2.61864
2.1319265
-2.5173142
0.12881383
0.0012728251
-0.2897111
3.5829265
-1.6489718
4.254808
1.8298155
0.12958735
