3.244763
3.6671863
0.33442044
-2.235145
1.7611519
-0.48095328
-0.3060008
-1.0387479
0.70657647
0.084551685
-2.425274
0.00020924755
-2.146026
1.0993152
0.8864625
2.9410408
0.58548623
-3.6713753
-0.5457438
-1.4217658
-0.44269875
-0.80102867
2.47974
0.6422004
-1.0100471
0.6665445
0.5600019
-0.2718087
-0.16740967
-2.191201
1.1608188
0.58686864
-1.5869004
-2.4134195
0.915339
-1.2023602
-1.6170475
2.895237
-0.33679947
0.92726153
0.8512785
3.7630732
3.3444421
-1.5881354
-0.66489094
0.5210599
0.6310435
-3.6880505
-1.458905
0.63219094
-1.8515778
-2.5206907
-1.332289
-2.6293027
2.1345363
-2.526074
0.1515923
-0.0049596247
-0.29233336
3.5100033
-1.6495953
4.2021155
1.8285905
0.142625
