3.1565428
3.722013
0.32272527
-2.231509
1.8074608
-0.47435617
-0.35763165
-1.1107163
0.71034175
0.1009402
-2.5132837
-0.15594025
-2.1728716
1.1107317
0.87518936
3.027994
0.6151087
-3.7078362
-0.56783
-1.4166942
-0.4724208
-0.84262204
2.491125
0.680381
-1.0125927
0.7192194
0.6142119
-0.36455312
-0.15355226
-2.23071
1.1148938
0.56385446
-1.609669
-2.5226526
0.8947852
-1.2076839
-1.58043
2.8474174
-0.31764933
1.0437813
0.83894837
3.7825303
3.4851174
-1.6044356
-0.65352273
0.6098743
0.627912
-3.7032063
-1.5214067
0.65690404
-1.8967414
-2.5283246
-1.3515904
-2.5646162
2.1229506
-2.5187507
0.14102474
0.045823127
-0.33752936
3.7458062
-1.6787055
4.4482265
1.8675517
0.101292685
