3.1604724
3.725893
0.3192002
-2.267573
1.7997266
-0.49509215
-0.36623508
-1.12373
0.7191906
0.087478794
-2.482527
-0.10039666
-2.1409056
1.1283574
0.87698305
3.033007
0.61754555
-3.7359998
-0.544172
-1.418772
-0.4634774
-0.83107984
2.4995348
0.6637419
-0.99236846
0.68687814
0.6064968
-0.33444634
-0.15071146
-2.2395062
1.1221385
0.58023816
-1.606054
-2.4995408
0.908264
-1.217571
-1.6004393
2.8392375
-0.32104433
1.0212924
0.8519561
3.787309
3.4179204
-1.6050547
-0.66746926
0.5874139
0.6271833
-3.716518
-1.5073228
0.6562348
-1.8808352
-2.5546927
-1.3347964
-2.5774775
2.142438
-2.4992177
0.118293226
0.016227037
-0.3218393
3.6431816
-1.6488514
4.3988605
1.8673271
0.11430136
