1.5852886
1.8412606
0.39801347
-0.16437484
1.227469
-0.4256281
0.38541645
-0.03184766
0.40748617
-0.6790626
-1.2190219
1.7587705
-0.8259414
1.6670127
1.1398363
0.6307666
-0.21956559
-0.5599988
-0.47598174
-0.07722464
-0.5088628
-1.1661978
0.3557012
0.19643894
-0.4481945
-0.5790371
0.29610988
1.1063654
0.08360674
-0.10497349
-0.3089712
0.19276872
-1.697153
-0.5786127
0.22550471
-1.6780956
-0.5673406
0.81479985
-0.5205135
0.19436605
1.7947454
-0.12734537
1.2130687
-0.6350464
0.087811805
-0.712461
-0.41011336
-1.8152331
-1.5780879
1.2738886
-0.5533165
-1.4570891
-0.5274287
-1.7887837
1.4547112
-1.8064852
-0.06329518
0.054735813
-0.6165278
0.61299473
-0.6527126
0.9124038
1.0400938
0.12702304
