3.3710618
3.6052716
0.42361122
-2.2126074
1.7229023
-0.5179237
-0.25703666
-1.0629506
0.6629973
0.03495903
-2.2601511
0.15937729
-2.134113
1.1263995
0.9200244
2.8622336
0.5862196
-3.545526
-0.60810786
-1.3886881
-0.41185358
-0.72776717
2.52587
0.5750404
-0.94412035
0.5925593
0.44775277
-0.21352017
-0.13634318
-2.0113018
1.0493699
0.5672594
-1.6974971
-2.246087
0.93526554
-1.215836
-1.6808089
2.9397526
-0.31376514
0.81846523
0.87979066
3.7662895
3.1551974
-1.5813755
-0.6435991
0.44658118
0.61397874
-3.7679367
-1.5027317
0.6073667
-1.8015127
-2.5379307
-1.3125592
-2.63583
2.0427895
-2.5076494
0.11772165
-0.03701433
-0.262519
3.2361836
-1.6329322
3.9236205
1.7852031
0.18923782
