3.229444
3.6680536
0.3656195
-2.2331765
1.7714021
-0.51307184
-0.31321427
-1.043371
0.68872255
0.04863722
-2.36387
0.017982926
-2.1553955
1.090107
0.91666913
2.9381778
0.57988626
-3.643464
-0.5750294
-1.4015557
-0.44597375
-0.79372376
2.4736845
0.6159199
-0.99544585
0.6537188
0.52691966
-0.2500783
-0.15623435
-2.1595821
1.1487931
0.5742471
-1.5905055
-2.3688738
0.90899223
-1.2215695
-1.6081114
2.900594
-0.34108543
0.9163658
0.8404872
3.7716804
3.3391056
-1.5728422
-0.6456721
0.52146876
0.6324013
-3.7044961
-1.4481689
0.6215194
-1.8236996
-2.5637288
-1.3461596
-2.6408658
2.138321
-2.5259886
0.122455515
-0.017245326
-0.29993004
3.4322014
-1.6464081
4.131782
1.8187584
0.1615966
