3.135962
3.804226
0.3647062
-2.232024
1.8174746
-0.40079254
-0.38314113
-1.1473066
0.72391635
0.16810985
-2.7204158
-0.29627773
-2.120875
1.0840117
0.78624254
3.2062914
0.65993637
-3.6760535
-0.60592264
-1.3384496
-0.49274448
-0.8571499
2.472223
0.7226326
-1.0899869
0.6660614
0.6520172
-0.5136381
-0.13975789
-2.3832314
1.033241
0.5580401
-1.4884306
-2.5338247
0.96207196
-1.2052373
-1.5619884
2.7694376
-0.2549377
1.1340442
0.8068055
3.7648299
3.647642
-1.6758679
-0.576983
0.6918767
0.64491165
-3.7418694
-1.6158386
0.66619724
-1.86844
-2.5383818
-1.4036044
-2.5103257
2.0901275
-2.5546634
0.12250774
0.06893353
-0.36599138
4.0134397
-1.701011
4.6922245
1.9249347
0.13432322
