3.422825
3.547667
0.46870944
-2.1725667
1.6734738
-0.4994226
-0.16622104
-1.0129646
0.64983183
-0.032406837
-2.153715
0.33030003
-2.0669284
1.1414864
0.939755
2.8201332
0.5848336
-3.4470708
-0.62885326
-1.3327516
-0.37190014
-0.65726405
2.556159
0.5198768
-0.92667305
0.5234457
0.3622668
-0.17871568
-0.09744698
-1.8537914
1.0438703
0.5569917
-1.8020579
-2.1147819
0.9221931
-1.279735
-1.7010462
2.9084258
-0.3409845
0.73403776
0.88146156
3.6280885
3.0268798
-1.5692142
-0.6234282
0.32951674
0.6134406
-3.8003688
-1.5322399
0.5933857
-1.7963436
-2.499001
-1.3318907
-2.6517742
1.9708322
-2.5305853
0.122802354
-0.04813387
-0.2473646
3.1292472
-1.6213539
3.708168
1.7599825
0.30274746
