3.156909
3.7947454
0.31810066
-2.2557623
1.8120157
-0.41403753
-0.3793098
-1.1613992
0.69856673
0.18007608
-2.6877918
-0.27895662
-2.129569
1.1015128
0.8261323
3.1504438
0.63522434
-3.690648
-0.5714264
-1.3455616
-0.5004367
-0.85321844
2.452856
0.7446455
-1.0340471
0.66253585
0.6635659
-0.48058587
-0.106549844
-2.3564646
1.0683819
0.5589262
-1.5154574
-2.5399678
0.9632386
-1.2341616
-1.5560716
2.7620316
-0.2704703
1.1214019
0.8032246
3.7530043
3.6531448
-1.6838691
-0.56785923
0.66733176
0.6359398
-3.7437167
-1.5886369
0.6638721
-1.855564
-2.5436265
-1.4070854
-2.541853
2.117914
-2.5239527
0.117619134
0.05713797
-0.3607272
3.9271963
-1.678121
4.6897244
1.9108437
0.14060646
