3.2914653
3.6461442
0.38132873
-2.18638
1.7659694
-0.5175945
-0.28784075
-1.0848422
0.67772204
0.031307895
-2.3379297
0.09801821
-2.1528826
1.1065173
0.9254
2.8924546
0.60868
-3.6107807
-0.5746167
-1.3819102
-0.42889923
-0.77993983
2.5103364
0.60629123
-0.98828405
0.6184742
0.46998596
-0.23865214
-0.17034665
-2.0825202
1.1088665
0.5801167
-1.6447319
-2.3040257
0.8967346
-1.2448312
-1.6252434
2.9354508
-0.30799463
0.8440849
0.8452983
3.7994075
3.2362063
-1.5904242
-0.64350015
0.4751019
0.6291528
-3.7402477
-1.468936
0.5827223
-1.791527
-2.5409791
-1.3320019
-2.6388035
2.1115084
-2.5151603
0.13027248
-0.030699804
-0.29032195
3.3405387
-1.6405265
4.0255933
1.8174742
0.18261293
