3.2958472
3.6663256
0.38471168
-2.1975136
1.7492478
-0.50831854
-0.30191886
-1.0652833
0.6877747
0.036152046
-2.3828013
0.061898384
-2.16126
1.0988799
0.9356566
2.8976185
0.5999945
-3.632515
-0.5428912
-1.3802464
-0.4376669
-0.7940572
2.487806
0.5922666
-0.9848294
0.6296194
0.49668932
-0.23962398
-0.14905982
-2.1000183
1.0777164
0.5918415
-1.6101682
-2.369662
0.9183909
-1.2289929
-1.6100328
2.9111278
-0.3164504
0.8939697
0.8559366
3.7875013
3.2921996
-1.5778197
-0.67690074
0.5238015
0.6221393
-3.7253525
-1.4663529
0.6223661
-1.84576
-2.5259652
-1.3359797
-2.6278121
2.1040578
-2.5220683
0.13009086
-0.016215554
-0.2678008
3.3563333
-1.6478342
4.0754166
1.787129
0.14781912
