3.1353376
3.7507513
0.35776824
-2.22831
1.821903
-0.43998492
-0.36983448
-1.1009992
0.71682787
0.13003299
-2.568017
-0.20023371
-2.1556857
1.1342194
0.867774
3.0610578
0.6217827
-3.680317
-0.5647738
-1.3968034
-0.50909823
-0.86436015
2.4873412
0.6779923
-0.9961505
0.6912613
0.6452258
-0.42242476
-0.1451505
-2.2713864
1.1397997
0.55737716
-1.6027228
-2.5209923
0.91701627
-1.2004029
-1.5964503
2.8147833
-0.30264917
1.049529
0.8349238
3.7886958
3.5194535
-1.6292834
-0.61076343
0.6292307
0.61808366
-3.7270885
-1.5275066
0.6654122
-1.8815393
-2.5503414
-1.3721344
-2.535617
2.1175418
-2.5311177
0.118436985
0.041111942
-0.33616865
3.8481653
-1.6612153
4.467353
1.8948057
0.084582455
