3.3323188
3.6180632
0.42007622
-2.2046824
1.7256068
-0.53598416
-0.289524
-1.0238165
0.65665257
0.019575438
-2.3083327
0.13576543
-2.1362607
1.116496
0.9426283
2.9028766
0.6004388
-3.577883
-0.58419675
-1.372528
-0.4095646
-0.74624014
2.5212514
0.5952354
-0.9731638
0.6140034
0.46630907
-0.22468413
-0.16565438
-2.0340767
1.097476
0.57404274
-1.6726737
-2.2685194
0.90321374
-1.2149141
-1.6518528
2.9383044
-0.30293193
0.82799596
0.84344864
3.7750032
3.2087333
-1.5898283
-0.65207475
0.4767747
0.6364409
-3.7419434
-1.496286
0.61705244
-1.8145399
-2.5535166
-1.3395702
-2.6285036
2.0801086
-2.52684
0.1107535
-0.026941864
-0.25342175
3.2860038
-1.6449492
3.938343
1.8093212
0.17735527
