3.3941145
3.5685258
0.44928673
-2.199145
1.7027518
-0.51021093
-0.20161432
-1.0311244
0.6703587
-0.012283234
-2.2030418
0.25261894
-2.1171823
1.114655
0.9131284
2.8518147
0.62210125
-3.4921396
-0.6272476
-1.354378
-0.3919233
-0.714687
2.5230916
0.5405686
-0.9042539
0.58828044
0.4140521
-0.20715295
-0.124205984
-1.8930639
1.0551391
0.5521723
-1.7579957
-2.169032
0.9187815
-1.2496628
-1.7132056
2.928965
-0.3464159
0.7951441
0.9012386
3.6791654
3.08188
-1.5587323
-0.62605095
0.39875403
0.6130165
-3.779763
-1.5216056
0.5887431
-1.7899791
-2.5082178
-1.3202204
-2.6420455
2.014074
-2.5264878
0.10939698
-0.051058393
-0.2712762
3.2112286
-1.6527517
3.7964756
1.7730439
0.24252607
