-0.519753
0.25592536
-0.2473082
-1.1050216
-0.1756885
-0.32492882
0.3059062
0.49811113
-0.3959467
-2.1691928
-0.086098954
0.9817575
-0.35697234
0.39768708
1.0974277
0.8508183
-1.2139319
0.5009432
1.9894657
-1.9534028
-1.2000755
-0.28857797
-0.7509431
0.3074814
0.8349885
-0.33671492
1.4280086
1.00872
-0.43027088
0.10256483
-0.48818442
-0.06299032
0.56351733
-1.0971932
-1.9016482
0.8532878
-0.5721981
-0.33264393
-1.9513354
1.3901705
-1.4353741
0.790731
0.21379417
-0.16090727
0.8931652
-0.59264356
0.52328247
0.7868418
1.1591922
-0.27275044
1.0768515
-0.057574105
-1.9798808
1.6155115
0.5994821
-1.4395317
-0.40229633
-0.56980246
-0.19837756
-0.29660583
-0.14620464
-0.0097664585
-0.37229997
0.55558646
