3.0517228
4.0666966
0.36261725
-2.240727
1.7326914
-0.435897
-0.37868068
-1.5067247
0.77938175
0.3712811
-3.1863296
-0.6195369
-1.985022
1.0657674
0.6058088
3.5072808
0.7425733
-3.9507213
-0.6473617
-1.371264
-0.41491422
-0.8839853
2.7581456
0.93740356
-1.2792244
0.4055981
0.8740216
-1.1180551
0.09085467
-2.4711409
1.1706246
0.5810329
-1.2370552
-2.4624906
1.1301552
-1.1990994
-1.5669243
2.7731366
0.048201457
1.2055827
0.7888012
3.8102877
4.1328344
-1.9076226
-0.5800918
0.8539018
0.8449215
-4.0808268
-1.8178118
0.8189095
-1.9962238
-2.5174606
-1.6071186
-2.375054
2.002429
-2.7397332
0.103007756
0.052611668
-0.40680733
4.757241
-1.593669
5.6128864
1.6952318
-0.048906956
