3.109305
3.9862633
0.35856372
-2.2058764
1.7233478
-0.4984115
-0.3930524
-1.3801517
0.74789786
0.25921613
-3.0338182
-0.48297095
-2.0678167
1.0763444
0.6691781
3.4134095
0.7155257
-3.863445
-0.63501257
-1.3399967
-0.4820092
-0.86056274
2.6288028
0.8528045
-1.2465595
0.48926443
0.7783863
-0.9766888
-0.0022023409
-2.510002
1.0494157
0.5496988
-1.3406101
-2.4921274
1.0748402
-1.2096137
-1.5440623
2.717226
-0.09806004
1.1765237
0.84381205
3.7276554
3.9021168
-1.781854
-0.5708688
0.8063362
0.7325507
-3.9201117
-1.7381204
0.76689243
-1.9310074
-2.5535235
-1.5650746
-2.3945014
2.0062587
-2.6387167
0.1711241
0.049527634
-0.41580036
4.481373
-1.6685373
5.291043
1.7856615
-0.006252047
