3.153823
3.865849
0.35422868
-2.2321446
1.7986892
-0.42771956
-0.3617772
-1.2300528
0.7349171
0.19074628
-2.8874893
-0.40779266
-2.0959225
1.1259379
0.7097633
3.3185859
0.6837813
-3.6863587
-0.6280171
-1.326754
-0.49742684
-0.8819818
2.584934
0.77412516
-1.1863365
0.5669926
0.7138635
-0.71428955
-0.09154484
-2.440992
1.0482619
0.55543643
-1.4469932
-2.517309
1.0125204
-1.2179652
-1.5113716
2.7688677
-0.2108415
1.1363729
0.81089926
3.7590575
3.7629848
-1.6731126
-0.56993395
0.73923683
0.65566266
-3.7821124
-1.6699609
0.6893272
-1.8563519
-2.5465293
-1.4743569
-2.42949
2.0575795
-2.6084857
0.1312486
0.10013808
-0.4034312
4.2516065
-1.6994108
4.9632697
1.8236722
0.097478434
