3.1157002
3.9285429
0.34981176
-2.2141347
1.7657847
-0.42722532
-0.3732348
-1.3171747
0.7457588
0.22992735
-2.9341722
-0.43911174
-2.074407
1.0711166
0.6697291
3.3806047
0.7060669
-3.7543457
-0.6402122
-1.3241618
-0.48981032
-0.8774108
2.5561225
0.8333798
-1.2458335
0.52203006
0.7635513
-0.87495244
-0.050026838
-2.4867594
1.0516527
0.532404
-1.3831805
-2.5048769
1.0605084
-1.2338116
-1.53452
2.7249012
-0.18572934
1.1890405
0.8374816
3.755265
3.8437228
-1.712222
-0.5662872
0.7664619
0.6853043
-3.8721323
-1.6809257
0.70650285
-1.9369164
-2.5202034
-1.5515661
-2.420312
2.023489
-2.6256778
0.17203471
0.0982289
-0.4202727
4.360089
-1.727402
5.106935
1.7986053
0.06267006
