3.088899
3.9634557
0.31722614
-2.2081084
1.7586842
-0.42988825
-0.3752919
-1.3654487
0.75330895
0.2573073
-3.0145767
-0.4502017
-2.0480464
1.1063919
0.6570525
3.4059074
0.72618926
-3.8295147
-0.66019946
-1.3405751
-0.48513994
-0.87474555
2.616738
0.83280206
-1.2190572
0.4804222
0.7864724
-0.9264886
-0.023130612
-2.4724536
1.0443548
0.5538479
-1.3734251
-2.4769688
1.0829757
-1.2348112
-1.5410709
2.7323692
-0.12634578
1.174469
0.81538564
3.7328396
3.8923059
-1.7491417
-0.5434824
0.78398705
0.7044228
-3.9029546
-1.7122008
0.75091094
-1.9375206
-2.556926
-1.5414106
-2.405419
2.0088158
-2.606795
0.15618663
0.08289505
-0.41781422
4.3902693
-1.687564
5.2162266
1.8275968
0.06372623
