3.1179476
3.8395178
0.3779251
-2.2512794
1.8010054
-0.42247847
-0.37645146
-1.2056711
0.7200084
0.19223605
-2.8312602
-0.3739168
-2.122516
1.1289618
0.7215371
3.2914476
0.65666175
-3.679647
-0.62063634
-1.3245872
-0.49703217
-0.88907444
2.521126
0.76896507
-1.186079
0.5787095
0.7170536
-0.68751734
-0.07926209
-2.4323242
1.0495481
0.5183737
-1.4373534
-2.5432508
1.0222652
-1.2307533
-1.4983842
2.7402298
-0.23042917
1.1407231
0.83795655
3.7459795
3.728735
-1.6898276
-0.55972004
0.72427356
0.66062385
-3.7774377
-1.6669809
0.6822804
-1.8598107
-2.5497582
-1.4439517
-2.4565618
2.0799127
-2.5956144
0.1358037
0.08801212
-0.382661
4.1770186
-1.6958226
4.9095445
1.8839803
0.12072576
