3.0299861
4.0505624
0.36110994
-2.2051857
1.7262801
-0.48283505
-0.38988516
-1.4712404
0.7778226
0.38027063
-3.199724
-0.60153574
-1.9822458
1.059376
0.6172536
3.4784222
0.7344787
-3.9141538
-0.6581317
-1.3731657
-0.45513228
-0.8583017
2.747229
0.90197307
-1.2682375
0.4277692
0.8763436
-1.0529811
0.09314659
-2.477215
1.143434
0.5848669
-1.268488
-2.4546998
1.1004024
-1.2270131
-1.5824805
2.7599075
0.03996059
1.1936063
0.77518326
3.789876
4.097885
-1.8796223
-0.6051737
0.8490667
0.8326108
-4.054395
-1.7932084
0.803241
-1.9773986
-2.5690677
-1.589325
-2.3688147
1.9784589
-2.7277162
0.08928765
0.051553573
-0.40756208
4.6999426
-1.6090322
5.5939612
1.7246195
-0.017547583
