3.1026483
4.0176277
0.35569796
-2.2051
1.7411462
-0.47542214
-0.37739426
-1.4115741
0.7734144
0.31210583
-3.0994036
-0.5213951
-2.0319378
1.0530486
0.66545874
3.4607286
0.71325266
-3.893824
-0.6554575
-1.365424
-0.48261693
-0.8741745
2.6712902
0.8841605
-1.3092474
0.44705772
0.8261355
-0.9987592
0.007899209
-2.4513001
1.0915575
0.5843175
-1.2789828
-2.4707944
1.118005
-1.2218565
-1.5553999
2.728718
-0.051404648
1.2203021
0.81823987
3.7390575
3.9583366
-1.833844
-0.6280344
0.7864816
0.7910578
-3.9968371
-1.7539877
0.7689308
-1.9571112
-2.5451255
-1.5593832
-2.378237
1.9828731
-2.6388476
0.14020805
0.06370144
-0.40232638
4.586098
-1.6395451
5.427724
1.7333554
0.015076042
