3.1135316
3.9313834
0.34707734
-2.2238188
1.7689917
-0.44890246
-0.36879197
-1.3723053
0.7593792
0.23501916
-2.9917395
-0.45169094
-2.0764132
1.0668013
0.67191184
3.367246
0.7075884
-3.8017454
-0.6549811
-1.3203281
-0.5028271
-0.8795719
2.598758
0.8200696
-1.2209245
0.5224554
0.7753445
-0.9017673
-0.03051956
-2.4685988
1.0381796
0.54558814
-1.3645215
-2.530905
1.0617288
-1.2340244
-1.5622619
2.7363002
-0.15292898
1.184157
0.8561022
3.7611873
3.8759582
-1.7404598
-0.5549138
0.7868754
0.7032918
-3.8758855
-1.7091556
0.73213667
-1.9083726
-2.5567348
-1.5632933
-2.4181042
2.0183458
-2.619828
0.17717534
0.072419204
-0.43042076
4.3742795
-1.7030201
5.1541886
1.8267053
0.08729756
