3.0641966
4.0171037
0.3505375
-2.2114544
1.7216846
-0.47122568
-0.36796257
-1.448837
0.78056973
0.33454174
-3.15613
-0.6089155
-2.027879
1.0540216
0.6265097
3.494103
0.7371406
-3.8906069
-0.6512037
-1.3547798
-0.46753064
-0.8678673
2.740883
0.9245247
-1.2706664
0.40563533
0.86265147
-1.0267221
0.09330849
-2.4650526
1.1099437
0.5785448
-1.2863722
-2.484076
1.1035264
-1.2212858
-1.5591432
2.76937
0.008527596
1.1918513
0.7796633
3.751852
4.0694413
-1.866828
-0.5862159
0.8733303
0.82518727
-4.030147
-1.7622031
0.780528
-1.9726899
-2.5569398
-1.5919328
-2.3721108
1.9720029
-2.713816
0.11134617
0.06092196
-0.3972752
4.645537
-1.6262791
5.5146317
1.752308
-0.048547365
