3.1132128
3.815286
0.35347673
-2.2622192
1.8203886
-0.3721537
-0.3911339
-1.1697191
0.725022
0.19844237
-2.7686455
-0.3443396
-2.132566
1.1046999
0.7700191
3.2569854
0.6366586
-3.6662178
-0.6036741
-1.3594726
-0.49345392
-0.8721564
2.4643588
0.7464744
-1.1125513
0.62627155
0.6635321
-0.5860777
-0.10566135
-2.403532
1.0346376
0.5304442
-1.507258
-2.5169902
0.98127496
-1.2090793
-1.5502654
2.7679915
-0.26879925
1.1628377
0.8329811
3.7426288
3.6678898
-1.6703663
-0.5672662
0.6877948
0.6317634
-3.7544613
-1.664806
0.6758508
-1.8566706
-2.5285156
-1.4468172
-2.4700663
2.102704
-2.5637138
0.12329396
0.06435827
-0.38145417
4.044719
-1.6873894
4.766544
1.88654
0.12802932
