3.094423
4.009924
0.3767873
-2.2188535
1.7138665
-0.45848545
-0.3901852
-1.4298614
0.78261465
0.30867574
-3.1261153
-0.52951354
-2.0323472
1.0616553
0.6587253
3.4779549
0.7315165
-3.9095712
-0.6532214
-1.3862746
-0.47980013
-0.8675125
2.7101412
0.92820716
-1.296161
0.43024528
0.8461816
-0.99997574
0.08585819
-2.4773104
1.0718774
0.5662728
-1.2808169
-2.4710832
1.112787
-1.2040027
-1.5504674
2.7557666
-0.033362206
1.2358971
0.79693604
3.778857
4.0526485
-1.8471767
-0.5938861
0.8591997
0.77091086
-4.017407
-1.7581052
0.7861797
-1.972681
-2.5370927
-1.5405636
-2.3622067
1.9748734
-2.7062109
0.13897014
0.07938461
-0.40316603
4.6052103
-1.6322578
5.4531274
1.7209859
0.013147948
