3.0329719
4.0685525
0.35717
-2.2504773
1.776228
-0.44702274
-0.41938472
-1.5223427
0.75867075
0.399326
-3.191255
-0.66595244
-1.9694146
1.0708766
0.6120588
3.5505443
0.734652
-3.971117
-0.6609491
-1.3571811
-0.46577725
-0.86508226
2.8018517
0.9524355
-1.2982
0.39187783
0.87795436
-1.1413434
0.11387578
-2.4057522
1.1463536
0.5880889
-1.228751
-2.457149
1.1347821
-1.1981413
-1.5596622
2.8053706
0.091076836
1.2013049
0.77267855
3.8726609
4.169325
-1.9266231
-0.58438736
0.8683753
0.8454494
-4.0634203
-1.8382376
0.7608725
-1.9983824
-2.550797
-1.651475
-2.3938644
1.9846917
-2.7450423
0.08265426
0.050689083
-0.41781202
4.7801323
-1.5834922
5.725817
1.6826309
-0.068438515
