1.5578485
1.90344
0.39074862
-0.3017451
1.1955016
-0.40623638
0.4488193
-0.14603019
0.481114
-0.59316754
-1.2496362
1.6790737
-0.9097093
1.7315359
1.122496
0.7476919
-0.12016315
-0.66557026
-0.43638802
-0.10142748
-0.56257886
-1.2274034
0.4354304
0.18080713
-0.47422293
-0.58153707
0.376923
1.0184263
0.04155286
-0.14965683
-0.16763948
0.22754581
-1.72815
-0.62789464
0.3024893
-1.6937946
-0.64177305
0.85723096
-0.5490046
0.34466136
1.717003
0.006643928
1.3079603
-0.6856551
0.09265611
-0.6274672
-0.41895944
-1.9273671
-1.6555225
1.224809
-0.6121084
-1.4410125
-0.5708367
-1.8462701
1.509958
-1.7782599
-0.0841027
0.037912652
-0.67589897
0.69512033
-0.75464314
1.0260797
1.0575945
0.19232692
