3.1331582
3.9183676
0.35018417
-2.255181
1.7725315
-0.43026277
-0.38200164
-1.3059407
0.7244605
0.2035802
-2.9028122
-0.4333009
-2.0784874
1.0678421
0.6425993
3.349164
0.68294275
-3.7063694
-0.64735806
-1.3208609
-0.4852701
-0.86551684
2.5617714
0.80216384
-1.233418
0.5267692
0.78078073
-0.8023194
-0.06322289
-2.483749
1.0519035
0.5586126
-1.4150892
-2.5040865
1.0490026
-1.2294991
-1.5293257
2.7759135
-0.21333756
1.1572495
0.85717726
3.7463493
3.795543
-1.7234584
-0.56543213
0.76757526
0.69085693
-3.8270934
-1.6993972
0.69410646
-1.901376
-2.5423987
-1.5149702
-2.4294348
2.0323308
-2.6147134
0.1407748
0.08575661
-0.41496328
4.287883
-1.6926061
5.0697007
1.8626807
0.080620706
