1.8112305
1.6893846
0.48657215
0.2657087
0.9944743
-0.70840067
0.29180244
0.3963012
0.3651233
-0.9973049
-0.9201426
1.7829221
-0.38671592
1.6476896
1.040891
0.52113074
-0.09350413
-0.47759023
-0.5870875
-0.47202927
0.10956813
-1.1007692
0.8619136
-0.20213115
-0.1831932
-0.25000578
0.03479091
1.1993688
0.2867154
-0.100521065
-0.80444556
0.14018695
-1.9032607
-0.5023825
-0.03162081
-1.6243217
0.06957077
0.5736081
-0.38204446
0.025987627
1.917448
-0.21082148
1.0961921
-0.18445395
0.082285516
-0.94899696
-0.5514195
-1.3215523
-1.5255057
1.503338
-0.26613027
-1.323538
-0.19482324
-1.3211584
1.2119291
-1.7659892
0.025856333
0.513101
-0.33935973
-0.025025766
-0.5804921
1.3462814
0.65385073
-0.00014818457
