3.1507754
3.9094098
0.35114437
-2.2524207
1.7674206
-0.41798538
-0.374225
-1.257045
0.74195373
0.18017788
-2.9260628
-0.38154456
-2.0916405
1.0987443
0.70121264
3.3500404
0.6668969
-3.6841886
-0.627281
-1.3035176
-0.49762684
-0.9026287
2.5697837
0.8073855
-1.2201443
0.5387845
0.7252424
-0.7576357
-0.08512445
-2.474341
1.0597589
0.5443759
-1.4095557
-2.5376408
1.0393418
-1.2242156
-1.5256779
2.7656248
-0.23290424
1.1476245
0.8442437
3.729766
3.7884183
-1.6859185
-0.5731305
0.72831714
0.6705291
-3.8019543
-1.6835054
0.7029597
-1.8954014
-2.519997
-1.5134232
-2.4295852
2.0573153
-2.59261
0.14249836
0.09412303
-0.39668965
4.2819977
-1.7142677
5.0373583
1.8285612
0.051520027
