3.1036355
4.009834
0.35537785
-2.218778
1.7376913
-0.4767067
-0.35360298
-1.3936768
0.7407481
0.29973102
-3.0545027
-0.49368668
-2.055066
1.0916741
0.6426712
3.4348395
0.72089577
-3.8633945
-0.64780253
-1.3481988
-0.48276487
-0.8723443
2.646986
0.85314083
-1.2677158
0.46841198
0.8030636
-0.9946985
0.018204005
-2.4509346
1.0721536
0.5649147
-1.3247998
-2.467263
1.0840564
-1.2027688
-1.5613018
2.7288916
-0.047043603
1.2131971
0.8070629
3.7316442
3.9104555
-1.8098844
-0.59733325
0.79724413
0.7488244
-3.9783647
-1.7557312
0.7602581
-1.9582137
-2.5332994
-1.5709006
-2.3813217
1.9868903
-2.6651688
0.14735486
0.058139227
-0.41000053
4.5405407
-1.6541494
5.3565884
1.769158
-0.0025787025
