3.136151
3.846237
0.3374128
-2.2746735
1.8007072
-0.4009784
-0.3565709
-1.1936787
0.7159804
0.20071805
-2.8235652
-0.34776333
-2.1459253
1.1211877
0.74322104
3.261712
0.6790508
-3.6309292
-0.60968864
-1.3397259
-0.49079156
-0.8742964
2.5097141
0.7462862
-1.159711
0.5513277
0.67775244
-0.62820673
-0.110623315
-2.4339252
1.0233575
0.54646254
-1.479849
-2.5203466
1.0118434
-1.2390405
-1.5157651
2.7649522
-0.23830245
1.1739593
0.84292805
3.7243228
3.7193277
-1.6596885
-0.5660223
0.6874128
0.6566282
-3.7692003
-1.6549952
0.68506205
-1.8777161
-2.5629091
-1.4243801
-2.4796135
2.0855408
-2.5724504
0.115263134
0.074473776
-0.37623763
4.1382246
-1.7030995
4.8210425
1.8877149
0.12106436
