1.5519483
1.9411998
0.404999
-0.36156896
1.2014943
-0.3905805
0.49327993
-0.15201958
0.52274156
-0.55170685
-1.250357
1.6306024
-0.9934623
1.7462553
1.120112
0.78627276
-0.04065383
-0.68324214
-0.43863213
-0.118927546
-0.5720339
-1.2612588
0.47493583
0.15407535
-0.49400875
-0.57388836
0.39062542
0.9960435
0.04877618
-0.15634802
-0.10395045
0.26070234
-1.7178873
-0.62243706
0.36027542
-1.7126853
-0.6461033
0.8672584
-0.551151
0.36952794
1.7002943
0.071620025
1.3265138
-0.7009381
0.1136374
-0.5697475
-0.390692
-1.9735363
-1.7027905
1.176324
-0.6764215
-1.4579282
-0.589511
-1.8810824
1.5382278
-1.7666339
-0.077952854
0.03171933
-0.7042538
0.7153139
-0.80224603
1.0767148
1.0950103
0.253407
