1.5567701
1.9817913
0.44914705
-0.39178547
1.2144284
-0.39831957
0.52857214
-0.12484366
0.55308676
-0.52247125
-1.2518282
1.6022866
-1.057081
1.7388618
1.1073676
0.8371394
0.025702136
-0.70543736
-0.43982983
-0.12093862
-0.5762882
-1.2755419
0.47427446
0.13857076
-0.5219623
-0.58247906
0.39338323
0.95758575
0.06321292
-0.14547013
-0.08429052
0.28437322
-1.7364973
-0.6401438
0.3984137
-1.7088201
-0.65947104
0.8830823
-0.5409045
0.38078997
1.6736354
0.14774144
1.345185
-0.73035115
0.10579174
-0.531505
-0.373942
-2.0399976
-1.7435937
1.1246467
-0.72703016
-1.4650061
-0.62493914
-1.914577
1.5665836
-1.7903934
-0.052606177
0.026278699
-0.7409186
0.76427096
-0.82034117
1.095163
1.1382861
0.30606472
