-0.46810535
0.22066763
-0.059559986
-1.0316502
-0.07608968
-0.34435967
0.15924494
0.49837402
-0.38449293
-2.2699487
-0.09127924
0.9291774
-0.37705725
0.7530017
1.0872681
0.88017744
-1.2325735
0.6161359
1.9536371
-2.0969493
-1.2411956
-0.36062467
-0.7688705
0.30334848
0.84476197
-0.35192037
1.4570036
0.96282256
-0.5242876
0.11764445
-0.4794418
-0.098648444
0.68235725
-0.97419304
-1.9624549
0.9574205
-0.7181713
-0.45147422
-1.9962277
1.5632793
-1.3543591
0.8293261
0.19268504
0.028151747
0.8791199
-0.57853067
0.64401734
0.8277042
1.2117022
-0.32660297
1.0105685
-0.12080031
-1.9026588
1.2716672
0.68365747
-1.4556446
-0.4325115
-0.5230833
-0.34566954
-0.3540541
-0.18175988
-0.089057386
-0.43898183
0.5837125
