-0.4591301
0.23239088
-0.027644219
-0.99459976
-0.038439292
-0.33808875
0.105844066
0.49291477
-0.3959412
-2.2805986
-0.11965063
0.9250638
-0.36964935
0.7964135
1.0602394
0.8853162
-1.2451192
0.6315109
1.9484617
-2.100868
-1.2572981
-0.36422226
-0.7754403
0.31168893
0.85097075
-0.35188648
1.4598603
0.95747435
-0.51233035
0.09997768
-0.46468002
-0.118963234
0.69393533
-0.96017236
-1.9773872
0.98021305
-0.75265765
-0.4595518
-2.0310903
1.6003205
-1.337126
0.8427683
0.21396466
0.050404668
0.86509216
-0.5676486
0.6322965
0.839996
1.2133914
-0.32516673
0.9745166
-0.10644702
-1.8676772
1.1709901
0.6866714
-1.4431539
-0.46295092
-0.51189333
-0.3694399
-0.39042372
-0.18768267
-0.10356894
-0.4370607
0.6050058
