1.671506
1.9993967
0.45574406
-0.6168296
1.2739459
-0.38515422
0.57077336
-0.12913737
0.7158358
-0.4579734
-1.3208159
1.532998
-1.1404252
1.5771258
1.1236999
1.0040481
0.2381577
-0.84274656
-0.49604002
-0.1661398
-0.4876123
-1.1923583
0.55759627
0.17727889
-0.6016186
-0.5699961
0.4382437
0.67075807
-0.004990867
-0.08804128
0.19255011
0.3162272
-1.7754959
-0.6948439
0.62549925
-1.7045108
-0.8164396
0.9438442
-0.52631605
0.48851782
1.6425532
0.38423175
1.4589523
-0.8644202
-0.017106982
-0.41638854
-0.34638113
-2.200227
-1.8607062
1.0164002
-0.8504184
-1.5120676
-0.87302667
-2.0708132
1.6316186
-1.8176912
-0.050681345
0.014388588
-0.7614621
0.95708233
-0.8775134
1.2503368
1.4040515
0.4580829
