-0.44408882
0.22759378
0.0004748299
-0.9670479
-0.020167807
-0.32313395
0.08137573
0.46585372
-0.4113192
-2.3010573
-0.14483325
0.92895055
-0.3574925
0.84070396
1.0384474
0.9023595
-1.2489393
0.61624783
1.9449171
-2.103897
-1.2790333
-0.35737574
-0.8071708
0.31942385
0.86048293
-0.3499858
1.4272048
0.95747554
-0.52431697
0.09133091
-0.43182725
-0.114546604
0.7063093
-0.9417518
-1.9912566
0.9743352
-0.79579437
-0.47372016
-2.0362275
1.6107571
-1.3044101
0.8483374
0.21477948
0.059690557
0.8623557
-0.55344415
0.6472335
0.8502955
1.2128806
-0.31582412
0.98350364
-0.09489312
-1.8446912
1.1733537
0.6897239
-1.4423599
-0.46665144
-0.4862174
-0.3816213
-0.40797672
-0.18079825
-0.12049648
-0.44171777
0.6158818
