1.6766058
2.0196958
0.4313523
-0.6723092
1.2789817
-0.39420918
0.60200834
-0.16340467
0.7172155
-0.45231095
-1.3703293
1.5108932
-1.1470313
1.5366304
1.1013006
1.0501916
0.2757336
-0.89073086
-0.48121533
-0.19283523
-0.48640054
-1.1643897
0.6414935
0.19891879
-0.60641396
-0.5681567
0.4782499
0.6258471
-0.026875501
-0.08696042
0.2405256
0.30693987
-1.8004553
-0.6959649
0.6589813
-1.7109038
-0.8425947
1.0049803
-0.5370948
0.51078707
1.6317091
0.4380059
1.5240155
-0.8827803
-0.055867344
-0.36298746
-0.3556004
-2.2217903
-1.8556691
0.96002203
-0.88226813
-1.5177433
-0.9156701
-2.0999267
1.6364437
-1.8549862
-0.04865754
0.026386386
-0.7711569
0.99192524
-0.8847101
1.3036299
1.455635
0.53394175
