1.7158976
2.0167053
0.41375637
-0.7362975
1.2592957
-0.37379634
0.6195614
-0.21501738
0.72460395
-0.44843856
-1.3940209
1.5079979
-1.1307287
1.5098526
1.0884991
1.0851071
0.3362065
-0.9167876
-0.48683643
-0.20114835
-0.4536556
-1.1339996
0.7115818
0.214333
-0.6080008
-0.576336
0.49519882
0.56452936
-0.07315488
-0.06806891
0.27056542
0.33335832
-1.7756784
-0.713318
0.68420345
-1.715367
-0.8535622
1.0910348
-0.514988
0.51268554
1.6120872
0.46642265
1.5729234
-0.8992095
-0.08862925
-0.29170862
-0.3235722
-2.255898
-1.8472213
0.93220973
-0.9043499
-1.5076569
-0.95260835
-2.1356738
1.6548427
-1.8812121
-0.07317172
0.05715829
-0.75219816
1.0166813
-0.90391076
1.3746585
1.5123076
0.5776175
