-1.2356342
-0.6752754
-1.5015035
0.69976115
-0.45617223
1.5680956
0.79810125
0.035120342
0.060653493
-0.11509035
1.9466101
-0.18505332
-0.27263978
0.6429766
1.2547216
-0.34837013
0.61261344
0.35173774
0.3571152
0.5156377
0.783028
-0.0066689793
0.8604982
-0.25970986
-0.49030027
-0.4735388
1.6985505
0.8275212
0.94303626
0.09756533
1.0694745
-0.39585385
0.16526663
1.9984635
-0.8515069
-0.561552
0.40575886
-1.423708
0.6763339
-0.49281898
0.6767347
0.039725237
-0.53154314
-0.4741537
0.45555347
0.60209084
-0.71814317
-0.79564685
0.4214455
0.6033448
-1.1803885
0.121675804
-0.6228169
-1.4710908
-1.2533869
0.79428387
0.30224162
-1.712822
0.8021009
-0.9274198
1.2081295
-0.38818347
0.43148476
-1.3219452
