0.07801128
1.5675297
3.3251686
-1.5294033
-1.0698212
-1.4397504
0.34189743
2.8614259
1.242411
-1.1921605
0.65422386
0.9562014
0.79979676
-0.7619162
-0.48925278
1.2418637
1.9704217
-1.9143679
-0.6208725
-1.5679568
-0.9794634
1.3407689
-2.3329797
-0.58941895
0.22575995
0.665728
-0.50411016
-1.1381869
1.1421754
-0.20551224
-0.125798
3.2125282
0.94698185
0.97639555
-0.83592147
-0.78512466
-2.2871103
0.79433024
-2.070052
0.094112
-2.172069
1.9124268
-0.23704007
1.06831
-0.6009225
-0.09507006
-0.41445604
-0.93836933
0.0959708
-1.7529987
0.0606138
1.4785159
0.579173
-1.5818971
-1.2882535
0.6329365
1.0116186
3.6558905
-0.5126068
-1.2668767
-0.42513257
1.5714797
-1.7376875
-1.7919632
