0.082205385
1.7594957
3.6577182
-1.4278487
-1.0501957
-1.3945127
-0.058289584
2.9942932
1.5535395
-0.92094934
0.47653127
0.974906
1.0694422
-0.86317366
-0.29665416
0.93916166
1.7969711
-2.061605
-0.82409805
-1.9357016
-0.9866164
1.2975689
-3.009395
-0.8648452
-0.077045426
0.6712845
-1.3496766
-1.2036039
1.5268636
-0.25667682
-0.29917344
3.2372723
0.5600732
0.6781186
-0.3811035
-0.98209393
-2.3331447
1.0048804
-2.138548
0.47330472
-2.863881
2.4431536
-0.26944217
1.6309074
-0.35454458
0.20440029
-0.12768315
-0.91361654
0.52631456
-2.5863426
0.3707034
2.1045148
1.2358053
-1.6640218
-1.9630392
1.1335706
1.4785299
3.8070238
-0.69606954
-1.6502067
-0.70697904
1.6500337
-1.4858907
-2.4332407
