0.17796062
1.87357
3.6661344
-1.4603659
-1.0579466
-1.475562
-0.2222705
3.0280263
1.6461333
-0.7241757
0.49920297
0.9294008
1.2165624
-0.7637213
-0.25194257
0.78929377
1.834712
-2.1421745
-0.97319895
-2.0804367
-1.0885488
1.1182901
-3.3458626
-0.8810617
-0.056887865
0.7229707
-1.741446
-1.2062565
1.5048608
-0.33024314
-0.26427376
3.4146605
0.50519615
0.5313218
-0.2630245
-0.95178175
-2.3009434
1.0737454
-2.1985228
0.72376275
-3.06629
2.737719
-0.34369993
1.8064027
-0.39365
0.39808056
-0.08721055
-0.89913857
0.7209798
-3.0284777
0.4558194
2.3644667
1.4736531
-1.6748935
-2.1240792
1.3595212
1.6861168
3.8263347
-0.7271005
-1.7526445
-0.8608594
1.7133198
-1.3766347
-2.689497
