0.24843782
1.5757922
3.145504
-1.3937294
-1.0542641
-1.2599978
0.5509492
2.5475028
1.0500011
-1.1824275
0.8449588
0.9121354
0.67208517
-0.6981782
-0.6511816
1.4125546
2.0316129
-1.7293969
-0.48186082
-1.2656533
-1.142999
1.4977963
-1.8918539
-0.525681
0.37298578
0.70709914
-0.31925926
-1.1697738
1.033002
-0.19924745
-0.17658837
3.0462568
1.0672842
1.0957296
-0.88166213
-0.64195746
-2.1714146
0.68765837
-1.9466379
-0.038983874
-1.7602905
1.809155
-0.12153037
0.83331114
-0.55715567
-0.0914412
-0.51531214
-1.0332785
-0.020735689
-1.4817258
-0.07482259
1.3391248
0.540136
-1.5481591
-1.1595432
0.39743632
0.9325448
3.6661959
-0.47518083
-1.0355417
-0.3031124
1.500963
-1.7853774
-1.4799538
