0.06544803
1.5655241
3.3854067
-1.5284073
-1.0513831
-1.4232949
0.26143286
2.9146078
1.3250704
-1.1647604
0.5846069
0.9599976
0.80703115
-0.79438657
-0.45098776
1.1954579
1.9386148
-1.9759719
-0.66115075
-1.6335717
-0.9366
1.3260584
-2.4239821
-0.62651134
0.20235628
0.68418646
-0.5852201
-1.1511669
1.2078737
-0.22494149
-0.13839428
3.225045
0.88392645
0.9374859
-0.82137007
-0.82295245
-2.285079
0.80162334
-2.0945792
0.14321843
-2.271038
1.9823035
-0.2379943
1.1393522
-0.5653695
-0.116370335
-0.3861035
-0.9016675
0.1547153
-1.7998523
0.10746739
1.5020903
0.61654896
-1.607734
-1.4037011
0.68031454
1.0553578
3.6466632
-0.53889924
-1.3125046
-0.48609844
1.5556207
-1.7167549
-1.877806
