0.0936977
1.817529
3.682874
-1.4299252
-1.0565649
-1.4231278
-0.13402292
3.007828
1.5933509
-0.8593023
0.46377802
0.95193064
1.1114053
-0.85069585
-0.287241
0.8712904
1.78484
-2.0717242
-0.8721861
-2.0048082
-0.991106
1.2603441
-3.126948
-0.87893057
-0.078211136
0.7088534
-1.5020854
-1.2130115
1.5233647
-0.26965645
-0.26155397
3.2996573
0.5208005
0.6297626
-0.32759938
-0.9916773
-2.3047736
1.021545
-2.1481478
0.5419589
-2.934857
2.5755126
-0.3056426
1.6977863
-0.35025787
0.2841533
-0.10054111
-0.93894637
0.6093533
-2.782297
0.39657903
2.203847
1.3158888
-1.6549449
-2.0299783
1.2080747
1.5491161
3.836536
-0.68684906
-1.7103456
-0.7740825
1.7054315
-1.4484887
-2.5260143
