0.06334883
1.7219658
3.6423054
-1.4544464
-1.0385112
-1.3857762
0.016128866
2.994377
1.5198044
-0.98788166
0.4751142
0.99117863
1.0437078
-0.83936214
-0.29961163
0.99095416
1.811468
-2.0735886
-0.7992304
-1.8804665
-0.96382225
1.3250797
-2.8882682
-0.8702723
-0.05328953
0.6475049
-1.2011265
-1.2089219
1.4782791
-0.28923738
-0.275283
3.2118678
0.5963544
0.70945185
-0.45166683
-0.97339123
-2.3549414
0.9444944
-2.135982
0.41568184
-2.7697735
2.3879793
-0.24300252
1.5502625
-0.3426529
0.112018555
-0.1542256
-0.8700683
0.4222476
-2.4656825
0.32130644
1.9865603
1.1018125
-1.6571163
-1.8521944
1.0397481
1.3813546
3.760195
-0.6806764
-1.6032475
-0.65589243
1.594588
-1.5111265
-2.3352585
