0.12642515
1.5552318
3.2440531
-1.4991047
-1.0619725
-1.397148
0.4003328
2.7972057
1.1620332
-1.2181462
0.72790056
0.93151057
0.7365455
-0.7295865
-0.55425847
1.2994609
1.9826528
-1.8550409
-0.56960195
-1.4710284
-1.0361931
1.3700236
-2.234874
-0.5668669
0.27021313
0.6621746
-0.463541
-1.1206528
1.1244022
-0.20576668
-0.1646392
3.1719086
0.9887486
0.9858423
-0.8560848
-0.7451775
-2.258704
0.73856974
-2.0012472
0.017825719
-2.0445719
1.8670739
-0.21202646
0.9992286
-0.6132397
-0.098646685
-0.44844338
-0.95546955
0.06819485
-1.6142592
0.06379131
1.4492388
0.5397632
-1.5788894
-1.2402881
0.5611409
0.9883699
3.6560776
-0.5120961
-1.2064607
-0.37793678
1.5606681
-1.7595097
-1.6961002
