-1.137705
-1.3517243
-3.0216944
1.4438121
-0.08725058
-0.061034255
1.6414572
0.44806
0.29942375
0.9403842
2.277068
0.2980093
-0.58285207
-0.08068288
2.0345652
-0.48903078
0.38021955
0.23661101
0.19947109
0.523524
0.08981775
0.25113842
-0.31411773
-0.35480207
0.15607923
-1.1519258
3.3120227
1.059822
0.93611944
0.0147482455
-0.08448601
-1.1793417
-0.11273842
3.2354212
-1.4496909
-1.0022845
-0.024104178
-2.169517
0.3834575
-0.5774687
1.1256026
-1.0673577
-0.694974
-0.5795487
0.28160575
1.4161766
0.72323745
-0.7279064
-0.16903685
0.22391546
-2.0634036
-0.95175916
-0.03981332
-0.66972584
-1.6162428
0.21146056
-1.7836158
-2.600654
1.4998453
-2.3398273
1.635287
-1.2672923
-0.98170125
-1.763429
