0.056854315
1.6987306
3.604917
-1.4794703
-1.01245
-1.4256995
0.057060346
2.9915464
1.4950892
-1.0318315
0.45657977
0.99729025
1.044802
-0.80133504
-0.29606086
1.0315838
1.8615952
-2.0707514
-0.7691938
-1.824615
-0.94109607
1.3317678
-2.8194058
-0.83510566
-0.0065708
0.6643114
-1.0338293
-1.2037728
1.4530399
-0.2846244
-0.24638836
3.2391667
0.6553886
0.7650108
-0.5024985
-0.9544696
-2.3724241
0.903122
-2.1310952
0.3756904
-2.6897967
2.3307593
-0.23480918
1.4689479
-0.34875625
0.037828002
-0.21074785
-0.8229941
0.36754403
-2.2867682
0.27058932
1.8591863
0.9907623
-1.651904
-1.7717403
0.96765995
1.3026443
3.7268913
-0.62904674
-1.5556632
-0.6331179
1.5653061
-1.5586332
-2.2483864
