0.39004052
1.943785
3.6921017
-1.5654457
-1.1465924
-1.6600978
-0.408142
2.9955106
1.8876041
-0.6205062
0.52188754
1.0426844
1.3739427
-0.64104897
-0.22308291
0.7749151
1.9409297
-2.2410185
-1.0852525
-2.2822828
-1.258766
0.99064505
-3.6759079
-1.0075396
-0.14688754
0.913219
-2.2167664
-1.1866673
1.5077897
-0.42492676
-0.3398192
3.7787855
0.4111969
0.25392878
0.04701895
-0.9312449
-2.5365694
1.04811
-2.2959747
1.012779
-3.253744
2.7754738
-0.58745265
1.9677287
-0.36927214
0.2327508
0.045431696
-0.83097786
0.8963671
-3.2951229
0.5604529
2.5958407
1.7234427
-1.7967397
-2.2531674
1.8572806
1.773993
3.6414425
-0.84098274
-1.8026497
-1.027798
1.6405092
-1.2661744
-2.8516412
