0.24799953
1.8899112
3.678587
-1.4781404
-1.0899447
-1.5016431
-0.26825967
2.997268
1.6763972
-0.6910102
0.5227913
0.9567251
1.2394714
-0.7180871
-0.24788891
0.781517
1.8479973
-2.1425674
-1.0237198
-2.1169362
-1.1470788
1.0629587
-3.4395368
-0.9062431
-0.06510713
0.768361
-1.8916751
-1.1930931
1.5084734
-0.3542609
-0.26159963
3.5104773
0.49834308
0.4544565
-0.19322985
-0.92575955
-2.3695216
1.0510515
-2.2073019
0.7973319
-3.113317
2.787052
-0.39378956
1.8410861
-0.3587404
0.39961085
-0.026766568
-0.87711775
0.7943046
-3.0955153
0.49709618
2.428216
1.5749305
-1.6980852
-2.1580942
1.4955288
1.7226781
3.7742696
-0.73831666
-1.7725445
-0.89973277
1.7038755
-1.357085
-2.7572176
