0.051550735
1.653105
3.5426476
-1.5185583
-0.9955889
-1.4250606
0.11193918
2.9747708
1.4822072
-1.0681318
0.45146757
0.97528416
0.9994362
-0.81558156
-0.3310385
1.0583984
1.9051671
-2.0520144
-0.7308074
-1.7737265
-0.94259167
1.335054
-2.743216
-0.79182595
0.024629582
0.6654651
-0.91811603
-1.2132069
1.4066551
-0.25813892
-0.19343771
3.2448046
0.68248177
0.7980807
-0.6184582
-0.9243678
-2.3700273
0.85487306
-2.0947318
0.31259748
-2.564777
2.2204757
-0.21531199
1.3662972
-0.36014977
-0.024066783
-0.27661604
-0.79654056
0.29324588
-2.1235232
0.22621019
1.7734302
0.84156424
-1.6250017
-1.7101431
0.9010185
1.2323922
3.6857543
-0.6299319
-1.4860835
-0.58032537
1.5546911
-1.614349
-2.1367755
