0.5437569
1.1238548
3.0655973
-0.5498262
-0.90389305
-1.1834846
0.630163
0.670533
0.81166613
-0.6451348
1.3601055
0.5657579
0.38774875
-0.52689606
-0.5067023
0.7003294
1.2036731
-1.1292945
-0.116998844
0.050663907
-0.58754176
1.0706303
-0.2921696
0.18904082
1.0646209
0.054514557
0.77075285
-0.5306258
-0.11545537
-0.8837713
-0.03269461
1.6581665
0.7634987
2.3227801
-0.95299685
-0.312516
-1.0278096
0.24245544
-1.6684926
-0.6164589
-0.124342635
0.12546462
0.2719917
0.8118838
-0.5115388
0.45260674
0.8903591
-0.7898919
0.38139546
-1.3036433
-0.6992269
0.40228516
-0.17965192
-0.4695927
-0.25163722
-0.4939983
0.2859016
2.4792671
-0.68040866
-0.6415399
0.19610414
1.0087103
-1.4515167
-0.2948664
