0.056993864
1.585291
3.435717
-1.5381321
-0.9983812
-1.4406102
0.20260467
2.9659104
1.3994186
-1.127956
0.5136276
0.9726538
0.8856164
-0.81418294
-0.40887585
1.1516876
1.9381596
-2.0072756
-0.6818924
-1.6916145
-0.95374835
1.327993
-2.5396411
-0.69012356
0.16426109
0.6542964
-0.7008849
-1.143566
1.2916843
-0.23161882
-0.14786123
3.2322278
0.8291642
0.8946768
-0.7621448
-0.84617627
-2.323976
0.826093
-2.0913532
0.19358903
-2.3675714
2.061052
-0.25208732
1.2148789
-0.48389995
-0.12512523
-0.3570213
-0.86406636
0.20393163
-1.8963228
0.15071563
1.580947
0.64164466
-1.5875986
-1.515326
0.752342
1.1064405
3.6637647
-0.5782878
-1.3556229
-0.5171906
1.5345294
-1.6887408
-1.9355532
