0.4371441
1.9570277
3.7098882
-1.5836369
-1.1730292
-1.6639588
-0.44331098
2.999858
1.9207712
-0.6052475
0.5225144
1.079034
1.3807689
-0.6159033
-0.21566302
0.7546231
1.9467341
-2.2890804
-1.0726368
-2.339474
-1.2892992
0.9574361
-3.7500536
-1.0892341
-0.12630019
0.9899408
-2.324682
-1.183861
1.4897999
-0.4561018
-0.37833557
3.8907073
0.3911354
0.18688503
0.13031402
-0.973664
-2.5850549
1.0721495
-2.3358052
1.1079494
-3.2846582
2.6993256
-0.62590164
1.9912937
-0.3317437
0.10684928
0.06363469
-0.79599637
0.89035213
-3.3527718
0.57143074
2.630128
1.7667944
-1.8570267
-2.303107
1.9893308
1.7669874
3.6015422
-0.901617
-1.7988733
-1.0944967
1.626652
-1.2477559
-2.8907347
