-1.5303177
-0.8539872
-1.5994284
0.8420158
-0.28054154
1.4016129
0.9296761
0.12375696
-0.14896883
0.19350669
1.749884
0.17161079
-0.14849247
0.4787195
1.5015174
-0.47823983
0.40170914
0.4838288
0.20210855
0.6181692
0.5732152
-0.0903824
0.8627099
-0.19516379
-0.00740993
-0.44737223
1.8760558
0.8151554
0.8400778
-0.0134193245
0.93012935
-0.5009067
0.116542466
1.7955269
-0.9060214
-0.36803108
0.072795235
-1.325132
0.66252255
-0.6279406
0.54370177
0.011535452
-0.85675514
-0.44245684
0.52669936
0.71065164
-0.718136
-1.0930419
0.47794574
0.54515445
-1.4154348
0.098633654
-0.42839378
-1.5575202
-1.3529394
0.53358054
-0.22114402
-1.7264884
1.0182214
-1.1438661
1.1929852
-0.15733829
0.08505954
-1.3642501
