0.28501338
1.9105653
3.670017
-1.4951557
-1.1104045
-1.5735826
-0.31271532
2.9842896
1.7385432
-0.6724616
0.519068
1.0124016
1.2448347
-0.67440575
-0.24968605
0.7526488
1.8851604
-2.163791
-1.0544116
-2.1856806
-1.1917806
1.0313395
-3.5020425
-0.9284068
-0.09831342
0.8259932
-1.9931371
-1.1914006
1.4787663
-0.38563916
-0.2673308
3.5940545
0.50830275
0.3985836
-0.11282474
-0.9206153
-2.4269931
1.0658478
-2.2460687
0.9010447
-3.1374803
2.8033597
-0.46227
1.8672475
-0.3690945
0.36584595
-0.0061606644
-0.8613588
0.8186345
-3.1821916
0.5383627
2.5027015
1.6185535
-1.7023327
-2.1997094
1.6050305
1.7585952
3.6935172
-0.78610474
-1.7822081
-0.939972
1.686432
-1.3286381
-2.8066208
