0.20589265
1.5380648
3.2080765
-1.4360256
-1.0585818
-1.3208497
0.46811056
2.678406
1.1048363
-1.1958361
0.7648382
0.9066007
0.7129272
-0.73825026
-0.6037166
1.3637373
1.997735
-1.7947943
-0.5219492
-1.3611664
-1.1095523
1.4493964
-2.0715516
-0.5505835
0.32130972
0.6872189
-0.413276
-1.1284906
1.0732116
-0.18912709
-0.18315229
3.1150959
1.0234206
1.0423818
-0.8720778
-0.6963757
-2.1909547
0.7242779
-1.9945871
-0.002981494
-1.884172
1.8377062
-0.18010734
0.9132349
-0.6018545
-0.082047746
-0.47855943
-0.9900232
0.026924077
-1.5352634
-0.0022035153
1.4068146
0.5295995
-1.5747694
-1.2076675
0.47459492
0.9520238
3.649668
-0.46956235
-1.1269242
-0.32191536
1.5371057
-1.777564
-1.5837619
