0.04117825
1.5981251
3.4888613
-1.5177729
-0.9787457
-1.446716
0.15403563
2.9539757
1.4397835
-1.1180052
0.45309177
0.9726182
0.92904145
-0.8271268
-0.38298908
1.0847584
1.931217
-2.0393043
-0.71094406
-1.7288662
-0.9397451
1.3530753
-2.6393461
-0.74845254
0.10335568
0.6517769
-0.8006142
-1.1555727
1.3780897
-0.26146945
-0.16880721
3.2471619
0.7535808
0.8370135
-0.68347836
-0.8868148
-2.3391335
0.85097516
-2.1029115
0.2558512
-2.470007
2.1351385
-0.2285287
1.2913457
-0.41367942
-0.08056176
-0.3355013
-0.82632786
0.26977542
-2.0219858
0.1918136
1.6658305
0.7449235
-1.6045114
-1.6094992
0.8269918
1.1753242
3.6194115
-0.603404
-1.4238735
-0.5673917
1.548424
-1.6500314
-2.020228
