0.33243516
1.9268757
3.691997
-1.5402738
-1.1308417
-1.6152816
-0.34522185
2.9997523
1.8182783
-0.640169
0.520437
1.0227444
1.3379987
-0.60273474
-0.21515796
0.74803483
1.9160247
-2.1890638
-1.0867988
-2.2497516
-1.2208275
1.0106932
-3.5825474
-0.95725566
-0.12912746
0.84731823
-2.105321
-1.2026992
1.4967563
-0.37350464
-0.31089643
3.6797688
0.46811256
0.3391832
-0.02164571
-0.9310492
-2.4784558
1.0496761
-2.2593663
0.9766889
-3.2067602
2.8021448
-0.5162291
1.9284678
-0.3646827
0.32402438
0.03708956
-0.83263236
0.86446
-3.2499583
0.5648878
2.5561457
1.7043066
-1.7348009
-2.2376604
1.7292807
1.7439718
3.6846392
-0.80126905
-1.7906226
-0.9949866
1.6736207
-1.3244679
-2.8392384
