0.13908422
1.8402762
3.6759446
-1.4412329
-1.0710609
-1.4470679
-0.16368382
3.035851
1.6136018
-0.7813079
0.491262
0.93616927
1.1473045
-0.8210374
-0.27856907
0.8308092
1.7897902
-2.1245878
-0.9157872
-2.0471811
-1.0420496
1.1603385
-3.252307
-0.87450635
-0.08568159
0.7197777
-1.6005728
-1.2081337
1.5031431
-0.3069149
-0.27269614
3.3682897
0.52496403
0.56896263
-0.2878631
-0.96260065
-2.2930033
1.0324565
-2.1828194
0.6090943
-3.005006
2.6850238
-0.32937044
1.7549484
-0.3892814
0.3397608
-0.08285145
-0.9313227
0.6833255
-2.9121165
0.43836296
2.2736287
1.4308155
-1.661724
-2.07804
1.2836347
1.6412574
3.8421814
-0.69997936
-1.7401408
-0.7994753
1.713305
-1.3882178
-2.6064994
