0.520083
2.0241628
3.7085788
-1.6161935
-1.2941424
-1.7232363
-0.53195983
2.9742918
2.0292647
-0.5944228
0.56276715
1.1228921
1.4645362
-0.64636254
-0.21375272
0.74948895
2.0484114
-2.393271
-1.0884438
-2.3995247
-1.3255361
0.8693353
-3.8745413
-1.25691
-0.122724384
1.0991038
-2.4373913
-1.2058858
1.509894
-0.5013012
-0.4165936
4.1097784
0.3663851
0.031049425
0.26917434
-1.0781429
-2.669792
1.0662426
-2.3967872
1.2715873
-3.3383489
2.6249013
-0.7376352
2.0863168
-0.27761692
-0.09410093
0.10996221
-0.82681173
0.87454265
-3.4979744
0.55785424
2.6882684
1.8432456
-2.002149
-2.3838046
2.2819004
1.7108351
3.547095
-0.9826111
-1.8377424
-1.1927404
1.6803509
-1.1536393
-2.9290857
