0.50538
1.2061617
2.9949653
-0.69012034
-0.9537942
-1.0678028
0.7278628
0.8310844
0.70042104
-0.65567523
1.5543871
0.5169407
0.47182482
-0.34034738
-0.57938534
1.0080183
1.7266195
-1.1130395
-0.22109766
-0.28879687
-0.84416384
0.9873246
-0.4266106
0.10131787
0.9973116
0.33494458
0.8617552
-0.6118649
0.075422026
-0.7359619
0.028966863
1.6456003
0.8206798
2.1673322
-0.80398136
-0.4459291
-1.0902401
0.23080988
-1.6769204
-0.67201096
-0.568309
0.7197957
0.08482894
0.8731534
-0.55864495
0.2704508
0.67272586
-0.8182249
0.32989734
-1.3267164
-0.70660627
0.3554554
-0.03336098
-0.7670413
-0.5476081
-0.28937197
0.44587824
2.8352585
-0.9322536
-0.47654384
0.033114437
0.927311
-1.4294649
-0.50071305
