1.1613913
3.0419292
4.0921764
-1.8254219
-1.8822149
-2.0323467
-1.6632655
2.5456765
2.918586
-0.44263494
1.5256171
1.5973189
1.9067417
-1.2797441
-0.3577988
0.88682777
2.7852528
-2.883753
-1.3311633
-3.0998952
-1.6774727
0.60738826
-5.015174
-2.676299
-0.16137494
1.5348471
-3.0449982
-1.6267388
1.6426879
-0.65837085
-0.76519394
5.048635
0.8198376
-0.5565701
1.3657011
-1.5408462
-3.7460952
0.8160887
-2.6505835
2.2114632
-4.036007
2.3710124
-1.3304893
2.3858092
-0.024407504
-1.4107317
0.070655815
-0.81103563
0.60184467
-4.0738297
0.56573385
3.485776
2.6142178
-2.9893215
-3.5091984
4.750704
2.2077415
3.4167767
-1.3213489
-2.7932694
-2.0748413
2.0048752
-0.7110034
-3.6524928
