0.7859505
2.3579729
3.7850947
-1.6189827
-1.5488205
-1.8647249
-0.85676444
2.9216354
2.3107684
-0.55055696
0.80508375
1.3109123
1.7103515
-1.0680987
-0.25374967
0.7289565
2.1856651
-2.6510394
-1.1945428
-2.6088638
-1.451881
0.78257143
-4.242562
-1.7420918
-0.25315112
1.2672489
-2.5919864
-1.2687986
1.565763
-0.6464415
-0.7616417
4.590916
0.47909644
-0.25796273
0.69510055
-1.2279474
-3.0412755
0.86474025
-2.5338244
1.5214653
-3.6685233
2.370377
-0.9635937
2.1668246
-0.08034532
-0.6950985
-0.03546533
-0.71714413
0.95875174
-3.7831328
0.56891227
2.9830065
2.2021043
-2.4691765
-2.6631312
3.2895553
1.712484
3.394068
-1.2622528
-2.1168945
-1.5159807
1.6252437
-1.0227847
-3.003744
