0.67379135
2.2243311
3.744123
-1.6068982
-1.4392074
-1.8395205
-0.71368295
2.924848
2.1729543
-0.5762771
0.7211475
1.2093576
1.6667508
-0.9314602
-0.24858303
0.7260976
2.1659818
-2.5575027
-1.1461232
-2.533015
-1.4578042
0.8561711
-4.1321983
-1.6076924
-0.21219215
1.2228264
-2.5478125
-1.267308
1.4896392
-0.5867004
-0.62838423
4.453501
0.45767725
-0.17606734
0.5502831
-1.2048742
-2.918095
0.9044253
-2.487318
1.4476739
-3.5389645
2.4246788
-0.9155446
2.143782
-0.12278012
-0.5044966
0.0014654284
-0.7845308
0.944233
-3.6830575
0.5646887
2.8751433
2.0792446
-2.3492842
-2.5366817
2.9319596
1.6714008
3.4362984
-1.2060707
-2.0085166
-1.4412118
1.6296562
-1.0514367
-2.9310448
