0.5467391
2.0762305
3.7235005
-1.6147772
-1.33826
-1.7364278
-0.56662494
2.9618511
2.0503268
-0.5508404
0.57698834
1.1482123
1.5254111
-0.7088552
-0.26936242
0.75702864
2.0432196
-2.4133089
-1.1090926
-2.4427965
-1.3722128
0.86807346
-3.943141
-1.3555757
-0.15241292
1.1540036
-2.46394
-1.2149222
1.4941602
-0.5409589
-0.44884565
4.1966753
0.37197086
-0.0421169
0.35299686
-1.1359619
-2.7501829
1.0690259
-2.4238768
1.3690388
-3.4018896
2.5213869
-0.76853645
2.102705
-0.20210177
-0.2208536
0.091230914
-0.8224752
0.89164406
-3.5417113
0.547375
2.7143683
1.8984302
-2.09784
-2.4363866
2.4368064
1.6947392
3.508249
-1.0423373
-1.8900309
-1.2653484
1.6594354
-1.121603
-2.9352105
