0.64464504
2.1602395
3.7345452
-1.6115483
-1.3840191
-1.8208195
-0.63357604
2.9275446
2.119333
-0.57324433
0.6669079
1.1800003
1.6243997
-0.8466626
-0.2651662
0.73050857
2.141048
-2.5221374
-1.1145226
-2.493342
-1.4390719
0.85320127
-4.051651
-1.5237345
-0.20647804
1.1975911
-2.5613275
-1.2674145
1.4765673
-0.5774753
-0.5640488
4.3611946
0.40777773
-0.13619159
0.47650254
-1.1948977
-2.8480358
1.0019615
-2.4442568
1.400249
-3.46688
2.4473486
-0.8498281
2.1219168
-0.14819105
-0.40734962
0.020453429
-0.8000026
0.91482717
-3.6579647
0.55134135
2.7986124
2.0284445
-2.2714958
-2.5350585
2.7907047
1.679197
3.4846694
-1.1574392
-1.9497186
-1.3910168
1.6208836
-1.0823482
-2.9252439
