1.1522852
2.994733
4.0779676
-1.8059635
-1.8563218
-2.000231
-1.5998963
2.5699685
2.858386
-0.4329307
1.4589998
1.5725819
1.8575159
-1.2486001
-0.36414105
0.8626869
2.750273
-2.869383
-1.3150713
-3.0457823
-1.6354061
0.62117493
-4.946208
-2.6221976
-0.16267322
1.5414113
-3.0574718
-1.6429878
1.6087799
-0.6755688
-0.79403925
5.039113
0.80447006
-0.5426442
1.2915119
-1.493386
-3.6365526
0.81348044
-2.6562629
2.1670904
-4.009575
2.3175876
-1.2669749
2.359183
-0.012661305
-1.3880332
0.07862295
-0.7830343
0.601553
-4.069939
0.5759735
3.469251
2.628412
-2.9577117
-3.4519362
4.588581
2.148521
3.399472
-1.3140935
-2.753516
-1.964983
1.9650848
-0.7242268
-3.6108193
