1.0074011
2.7243285
3.9727073
-1.7606292
-1.7167279
-1.9331298
-1.3454763
2.7380424
2.6528554
-0.46730888
1.2201443
1.4363085
1.6752231
-1.2488309
-0.28662384
0.79177225
2.4651713
-2.8027668
-1.2357212
-2.8756664
-1.4851652
0.6240409
-4.660297
-2.3235912
-0.18515436
1.4040711
-2.8941047
-1.5023354
1.5949998
-0.6732172
-0.83236563
4.8627424
0.678469
-0.43566123
1.0918101
-1.3070229
-3.402092
0.85548663
-2.6215777
1.8760493
-3.9389594
2.3149273
-1.0761445
2.2859318
-0.027755318
-1.2241287
0.067862995
-0.7263781
0.7581155
-4.006374
0.6064689
3.2925034
2.5650413
-2.8293097
-3.0757763
4.152919
1.9168689
3.396667
-1.3108835
-2.5119839
-1.7255536
1.828725
-0.7860391
-3.3092823
