0.75226796
2.2957575
3.7423005
-1.6123122
-1.4894598
-1.8437443
-0.7860571
2.900324
2.2352877
-0.56373066
0.7502114
1.2870296
1.7002358
-1.0052146
-0.24609663
0.7208703
2.196321
-2.6090386
-1.1816866
-2.5551856
-1.4673419
0.830618
-4.1932645
-1.6771799
-0.23800649
1.2680526
-2.5668285
-1.2634689
1.5307674
-0.61414754
-0.71875465
4.507894
0.48100105
-0.22260973
0.60327953
-1.2509096
-2.9666972
0.9013576
-2.5117943
1.4884387
-3.5811946
2.3908176
-0.92369
2.152954
-0.09630711
-0.5767374
-0.04498068
-0.7731332
0.9498104
-3.7372115
0.56767005
2.9237945
2.169988
-2.4245505
-2.6043146
3.0982625
1.699815
3.4041712
-1.2508801
-2.0608363
-1.456113
1.6073385
-1.0374427
-2.9581802
