0.9589583
2.6630747
3.9462056
-1.7610404
-1.6944696
-1.8875697
-1.2782875
2.7835667
2.5996847
-0.48014218
1.1278796
1.4102886
1.6996385
-1.2547486
-0.27149573
0.7723763
2.3991694
-2.8025808
-1.2124264
-2.800718
-1.462876
0.6157008
-4.611852
-2.2495902
-0.2141611
1.3503358
-2.8292224
-1.4337816
1.5772952
-0.67518103
-0.84412193
4.820294
0.63825214
-0.42018953
1.021271
-1.2698706
-3.330626
0.8247851
-2.6166592
1.8378388
-3.8777542
2.335922
-1.0488341
2.2508004
-0.03880624
-1.1951672
0.045000367
-0.74239206
0.78179926
-3.9584482
0.6198028
3.2305665
2.5232952
-2.7711637
-3.0053046
4.0450783
1.8633454
3.3962493
-1.2896073
-2.4569218
-1.6801679
1.7803582
-0.80813354
-3.2402754
