0.857046
2.5044653
3.820877
-1.6618291
-1.6016357
-1.8860408
-1.0073841
2.9255466
2.4435081
-0.5174928
0.9458241
1.3585858
1.7661685
-1.1702406
-0.24549013
0.7481217
2.2745004
-2.7229776
-1.2054263
-2.6765735
-1.4493427
0.70180947
-4.3830175
-1.9622525
-0.3009532
1.3347491
-2.6722543
-1.2994978
1.5915165
-0.64622897
-0.81131035
4.6796656
0.5582217
-0.29237908
0.85293067
-1.2306702
-3.1058424
0.88074374
-2.5762694
1.6374397
-3.786211
2.369522
-1.0159019
2.2151573
-0.033994284
-0.87780786
-0.007836385
-0.73792297
0.90299034
-3.8637476
0.6074952
3.0941453
2.2882025
-2.5865605
-2.7755632
3.5954838
1.7813565
3.3914564
-1.2852767
-2.2625895
-1.5950048
1.6877737
-0.92661345
-3.0458415
