1.1706686
3.083452
4.1145616
-1.8420955
-1.8923448
-2.0573058
-1.6657941
2.4957328
2.914217
-0.42340526
1.5810562
1.613829
1.9442744
-1.275921
-0.36528686
0.91243166
2.7939332
-2.909478
-1.338467
-3.1221828
-1.7326792
0.5512952
-5.0952144
-2.78615
-0.17442743
1.5526607
-3.1101239
-1.6385107
1.6418878
-0.65499264
-0.72945917
5.0761433
0.84672844
-0.546814
1.4108288
-1.6067533
-3.762632
0.77322394
-2.662301
2.2299354
-4.0605507
2.398632
-1.3543907
2.4202993
-0.057213172
-1.4009734
0.07364132
-0.8253284
0.5877217
-4.0961766
0.5701292
3.5278356
2.6534512
-3.0177464
-3.6488342
4.8572683
2.250819
3.4216447
-1.3325437
-2.829343
-2.145546
2.0133579
-0.7022721
-3.7029536
