0.80716276
2.4247153
3.796477
-1.6455595
-1.5669453
-1.8685712
-0.9594658
2.9107661
2.3772054
-0.51397073
0.8681762
1.3485147
1.7206827
-1.1220161
-0.21200909
0.7322965
2.2204301
-2.6740127
-1.1978604
-2.6215723
-1.4836522
0.7202315
-4.3162155
-1.8555881
-0.2989504
1.3095328
-2.6075032
-1.3147974
1.5703276
-0.6433973
-0.8084214
4.6317163
0.4841753
-0.2366779
0.7561007
-1.262182
-3.0713618
0.84726036
-2.5772843
1.5688407
-3.7193913
2.3547008
-0.9903735
2.2160952
-0.055387255
-0.8038154
-0.045264836
-0.74072444
0.94220865
-3.8211727
0.5830638
3.023482
2.2641284
-2.5393746
-2.714626
3.4532185
1.7348623
3.3824625
-1.2836757
-2.1996155
-1.5763209
1.6465541
-0.9793025
-3.031188
