1.084449
2.859119
3.997621
-1.7780477
-1.8059099
-1.970299
-1.4957604
2.6510024
2.7597947
-0.4553854
1.3205916
1.4922717
1.7458332
-1.2932512
-0.32251966
0.8114528
2.5943427
-2.8410456
-1.222548
-2.9730365
-1.5349561
0.62782073
-4.8193135
-2.4887931
-0.18647283
1.4888527
-2.9482746
-1.6038523
1.6030163
-0.6643975
-0.8387853
4.9604344
0.7322764
-0.5038475
1.1632383
-1.4058897
-3.534357
0.84770113
-2.6362884
2.0363038
-3.985213
2.3323603
-1.1819512
2.29199
-0.011167916
-1.3425412
0.055023376
-0.75657904
0.6718654
-4.0498786
0.60996157
3.392127
2.6039202
-2.8799763
-3.2747312
4.375454
2.0442379
3.3738465
-1.309052
-2.6255693
-1.8224059
1.9067154
-0.7299839
-3.462571
