0.60613424
2.1263893
3.72343
-1.6403697
-1.3636302
-1.767919
-0.60504293
2.9437761
2.0717998
-0.5370965
0.623205
1.1896143
1.5774028
-0.77689725
-0.25853568
0.7485616
2.0875206
-2.4737525
-1.0977079
-2.4690976
-1.423345
0.84294826
-4.000047
-1.4459636
-0.16475828
1.1944405
-2.519114
-1.2377478
1.4721411
-0.55417097
-0.496478
4.2871366
0.3929417
-0.0892138
0.40888765
-1.189369
-2.8054795
1.0053242
-2.4465535
1.3902949
-3.4469337
2.4899487
-0.8077594
2.0864453
-0.18001263
-0.30890945
0.08190025
-0.81873566
0.91528624
-3.5757022
0.53866476
2.755286
1.9628996
-2.1666853
-2.5002205
2.6083763
1.6822293
3.5012817
-1.1049522
-1.8859707
-1.3440049
1.6503458
-1.100294
-2.927438
