0.9014973
2.5572464
3.8507314
-1.696893
-1.6441735
-1.8985298
-1.1059351
2.8696249
2.4679818
-0.48079726
1.0096164
1.38777
1.7378678
-1.2283626
-0.24591242
0.74998206
2.3149447
-2.742533
-1.1977084
-2.7275622
-1.4656428
0.6788302
-4.43321
-2.0486453
-0.28360635
1.3618402
-2.696121
-1.3647909
1.5724612
-0.6775056
-0.8161166
4.7166133
0.5755572
-0.33959606
0.92383087
-1.2398875
-3.2057009
0.8539696
-2.5896218
1.6881694
-3.833189
2.349757
-1.0365585
2.221165
-0.024153054
-0.9923139
-0.012957463
-0.7360858
0.8534665
-3.933358
0.6163441
3.1091366
2.3887486
-2.6738565
-2.8666732
3.736662
1.7695724
3.3982315
-1.2935872
-2.3650885
-1.6387262
1.706649
-0.89199543
-3.0873687
