0.4817705
1.9828813
3.7171817
-1.6116467
-1.2307687
-1.6986178
-0.47473866
3.0106297
1.9680263
-0.5860018
0.53043437
1.100032
1.4090515
-0.62111384
-0.22032987
0.75902414
1.9673445
-2.3202975
-1.0943837
-2.3565354
-1.313755
0.9089139
-3.824299
-1.1851939
-0.1271225
1.0336196
-2.3899086
-1.1843891
1.4884092
-0.4606423
-0.3912424
3.989408
0.3663347
0.105519086
0.19915906
-1.02433
-2.609071
1.0604894
-2.374499
1.2245958
-3.3028624
2.6788964
-0.6686087
2.0392194
-0.32807246
0.012264093
0.10014239
-0.82000625
0.86835146
-3.4763856
0.5799894
2.6630707
1.7813845
-1.9025934
-2.3484535
2.1272218
1.7365527
3.5958614
-0.9427436
-1.8044796
-1.1132194
1.6513638
-1.2010077
-2.8940365
