0.5438269
1.208661
3.0796504
-0.5581409
-0.9214993
-1.1094857
0.7132483
0.8167803
0.71005565
-0.6358742
1.4892418
0.502282
0.42741415
-0.33911932
-0.57632345
0.89188564
1.5120571
-1.1171201
-0.1949609
-0.18608825
-0.78412426
0.94462717
-0.36053774
0.117010996
1.0089558
0.23904462
0.9079897
-0.5465226
0.0050720004
-0.77665997
0.018901903
1.6389722
0.78470063
2.2311585
-0.8277397
-0.39908955
-1.0883983
0.13892399
-1.6879892
-0.59922045
-0.4282228
0.47378683
0.19574578
0.87866145
-0.5658915
0.3157541
0.7955059
-0.77006245
0.3581763
-1.3618835
-0.7350744
0.37364712
-0.083758414
-0.6838194
-0.42536995
-0.3488699
0.39374948
2.706818
-0.8975458
-0.5148564
0.09232547
0.91093504
-1.3898271
-0.4740883
