1.1286944
2.942866
4.000757
-1.8086778
-1.8248304
-2.0134478
-1.5671973
2.605995
2.7834268
-0.45359513
1.3854735
1.5390726
1.808202
-1.2921517
-0.32660303
0.82934445
2.679726
-2.860606
-1.2418345
-2.995633
-1.5748794
0.6223604
-4.9042478
-2.5266433
-0.14616582
1.5041612
-3.0092053
-1.630985
1.6161133
-0.6721381
-0.80695224
4.989715
0.7862769
-0.5338264
1.2331719
-1.4643544
-3.5981662
0.83193594
-2.6549654
2.0911775
-4.0089808
2.3414967
-1.2368133
2.3301973
-0.016179672
-1.3449454
0.07048902
-0.7461899
0.63652617
-4.051996
0.5887751
3.4250154
2.613458
-2.9340026
-3.3561094
4.465916
2.1083636
3.368308
-1.3037983
-2.6964347
-1.8883169
1.9241354
-0.72682554
-3.526726
