1.0517443
2.7975776
3.9812958
-1.7822244
-1.7641307
-1.9321095
-1.4410682
2.683226
2.7056768
-0.4496546
1.2747632
1.4593911
1.7114376
-1.2442344
-0.32295972
0.8130606
2.529051
-2.8107762
-1.2132267
-2.9101965
-1.5028834
0.6309879
-4.7673626
-2.393391
-0.19204241
1.4102069
-2.9271953
-1.5719146
1.5923014
-0.6724641
-0.8472596
4.918473
0.71750814
-0.47668326
1.1353401
-1.3613707
-3.4695337
0.85108113
-2.6196852
1.9583501
-3.9677072
2.3353858
-1.1143705
2.2929811
-0.007838674
-1.268583
0.07717319
-0.72041637
0.71703035
-4.0242915
0.61170745
3.3473828
2.5906308
-2.8480566
-3.180265
4.298425
1.9790851
3.3600867
-1.3253843
-2.5714557
-1.7493573
1.8640225
-0.7525387
-3.3806283
