0.9354364
2.6218035
3.8935292
-1.737148
-1.6460018
-1.8846484
-1.2041017
2.8270085
2.529366
-0.50372964
1.0673984
1.353537
1.7087357
-1.2321306
-0.26835814
0.7686971
2.3910599
-2.7839303
-1.1925238
-2.7498102
-1.4509584
0.6323191
-4.557845
-2.1553512
-0.2547098
1.3489523
-2.7632718
-1.4107807
1.590865
-0.6612067
-0.8203305
4.7674284
0.63121825
-0.34997717
0.95338786
-1.2330685
-3.246477
0.8201505
-2.6029477
1.7321881
-3.8660605
2.3718162
-1.0456928
2.2235272
-0.044685893
-1.0808514
-0.002242653
-0.723398
0.83274513
-3.9497545
0.5975497
3.1657596
2.457144
-2.7195597
-2.9346178
3.8701756
1.7957311
3.4007015
-1.2922423
-2.3827739
-1.6014106
1.7426418
-0.85589355
-3.1517751
