1.2614545
3.1313167
4.2666445
-1.9021289
-2.0293496
-1.9421401
-1.8990365
2.2267597
3.147956
-0.37027168
1.843203
1.7010646
2.300747
-1.2674624
-0.41969565
0.96408623
2.9408937
-3.1142368
-1.4050971
-3.400002
-2.0259376
0.49256444
-5.3699603
-3.0963542
-0.16690075
1.6836612
-3.3712394
-1.6322865
1.7630018
-0.57854044
-0.64542097
5.0004587
1.0126352
-0.63682884
1.5821066
-1.9429632
-3.9563696
0.8463185
-2.6530468
2.5150156
-4.113661
2.4513726
-1.5483958
2.4392934
-0.044098992
-1.3999847
0.16408797
-0.927378
0.48368767
-4.2332935
0.6062291
3.7240195
2.6940885
-3.1164157
-4.1739736
5.505924
2.4645314
3.5453646
-1.3314246
-3.0744946
-2.5876544
2.1404328
-0.6897112
-3.8968172
