1.4097447
3.1177566
4.420958
-2.0106766
-2.1396708
-1.7812544
-2.005218
2.020661
3.410394
-0.3323149
1.964177
1.8106726
2.6684964
-1.2486547
-0.4496233
0.913737
3.1093888
-3.3766673
-1.5531267
-3.7346134
-2.3456483
0.35952368
-5.4994917
-3.3524706
-0.2288586
1.8314179
-3.7544258
-1.6976581
2.0803044
-0.5682327
-0.58541256
4.8263607
1.2157427
-0.74597
1.6950957
-2.370262
-4.2083316
0.9444167
-2.595217
2.6277535
-4.1395626
2.6460216
-1.721026
2.4364893
0.051832043
-1.423558
0.3310868
-0.93421805
0.23964399
-4.412594
0.6961953
3.9589558
2.7611551
-3.2618322
-4.69371
6.0067663
2.6355765
3.6533382
-1.4345093
-3.3813016
-2.8261852
2.3358579
-0.6911206
-4.153276
