1.4602343
3.0725992
4.538387
-2.0245678
-2.1818192
-1.7020485
-2.0920856
1.9809439
3.5497983
-0.3284776
1.9939376
1.8545972
2.812624
-1.2545947
-0.49838012
0.87119687
3.1883633
-3.5087767
-1.6363802
-3.892849
-2.468911
0.35498887
-5.572947
-3.456936
-0.23498556
1.8511156
-3.8582768
-1.745459
2.190341
-0.576349
-0.53649795
4.7627225
1.2877815
-0.7748101
1.7656095
-2.5746696
-4.349478
1.0217056
-2.5924785
2.635576
-4.1609683
2.658362
-1.8153113
2.4136152
0.07901927
-1.4205436
0.386553
-0.8673343
0.13633436
-4.4745317
0.73209715
4.0398936
2.7516797
-3.3486814
-4.883986
6.2193294
2.7073061
3.7020984
-1.5124134
-3.4466891
-2.9135754
2.437463
-0.70613396
-4.283599
