1.2080753
3.1173847
4.1439457
-1.848619
-1.9013274
-2.0549445
-1.7304045
2.4294856
2.9578989
-0.39717788
1.6509771
1.655572
2.0237057
-1.2898
-0.38668227
0.9211605
2.853802
-2.9456532
-1.3003956
-3.1712387
-1.7776463
0.5187974
-5.1659975
-2.8416512
-0.18779287
1.59128
-3.1492321
-1.6683758
1.6420596
-0.62251776
-0.7144598
5.046401
0.8994792
-0.56127626
1.4440302
-1.6496488
-3.82343
0.79151326
-2.6860201
2.3039134
-4.08957
2.3986142
-1.4045513
2.414161
-0.04136325
-1.402811
0.09729128
-0.8610114
0.58016574
-4.0948052
0.59169394
3.566211
2.665579
-3.0349112
-3.7475407
4.9997478
2.2985435
3.4301152
-1.3283722
-2.893681
-2.2230918
2.048208
-0.7026244
-3.7465224
