1.4569467
3.0943801
4.4892893
-2.0328548
-2.1518116
-1.7258084
-2.0649703
2.0166447
3.489607
-0.3188948
1.9893153
1.8361908
2.741034
-1.2654338
-0.4833822
0.9135396
3.1529448
-3.4634721
-1.5984534
-3.8108807
-2.4021802
0.34618482
-5.5380344
-3.4103842
-0.23388453
1.826955
-3.821895
-1.7261654
2.1630464
-0.5828635
-0.5470619
4.802941
1.2584147
-0.74942386
1.7349896
-2.4621792
-4.2559686
0.95651126
-2.601196
2.6581335
-4.173049
2.6324313
-1.7828568
2.4309168
0.07526886
-1.4223782
0.36787206
-0.9150383
0.21792522
-4.4289165
0.71086675
4.000693
2.729418
-3.3223765
-4.7905555
6.095293
2.670368
3.6787806
-1.477427
-3.4115071
-2.8785179
2.4031906
-0.7124513
-4.210967
