1.6165851
3.044552
4.593385
-2.0328608
-2.2918162
-1.6636829
-2.1881733
1.981777
3.6779935
-0.28057253
2.015214
1.8851154
2.982176
-1.2609421
-0.52189755
0.8259389
3.2167892
-3.6231987
-1.6787589
-4.087603
-2.5871918
0.34863478
-5.619287
-3.549227
-0.25410172
1.9227053
-4.0296726
-1.8008443
2.3343782
-0.62198216
-0.56834525
4.736817
1.3536646
-0.77542734
1.8001453
-2.7522864
-4.4851813
1.026313
-2.6004534
2.6545482
-4.1976795
2.7829454
-1.8529575
2.3981366
0.12482854
-1.4634298
0.40249273
-0.76404595
0.032753047
-4.556515
0.72822654
4.1005507
2.7717059
-3.4386485
-5.1699204
6.4608836
2.8335452
3.8111079
-1.5144306
-3.5682354
-2.9897377
2.541486
-0.7494667
-4.369602
