1.2198151
3.1304643
4.1795506
-1.8536661
-1.9379557
-2.02392
-1.7770592
2.4038677
2.9894142
-0.39705086
1.739461
1.6501861
2.0975552
-1.2931765
-0.4065434
0.9316257
2.8792753
-2.9830017
-1.3209436
-3.2268412
-1.8156953
0.53640956
-5.2198424
-2.9073358
-0.1782272
1.5906767
-3.215816
-1.6478937
1.6412014
-0.64200187
-0.69433445
5.0762577
0.93598443
-0.57363373
1.4883165
-1.7402445
-3.8582425
0.8216635
-2.6752799
2.3412004
-4.146392
2.395753
-1.4144915
2.4347303
-0.021074666
-1.3967752
0.10620501
-0.83425003
0.55367863
-4.135401
0.57539314
3.598765
2.6497333
-3.0551085
-3.8781505
5.142408
2.3434649
3.4718423
-1.3031343
-2.9149535
-2.355865
2.0450814
-0.6864924
-3.7913508
