1.8106593
3.0003467
4.7857547
-2.0987928
-2.3657987
-1.6464301
-2.364844
2.0210485
3.8979363
-0.2594447
1.9724021
2.0453472
3.2848303
-1.3147045
-0.5910643
0.713953
3.2527912
-3.8460875
-1.7999114
-4.4937954
-2.7712274
0.3862121
-5.707322
-3.7235246
-0.4322625
2.1190746
-4.3095465
-1.8546101
2.6172328
-0.7169942
-0.62899613
4.6723423
1.4404801
-0.89161426
1.8400065
-3.1717234
-4.668985
1.0982912
-2.6186569
2.7315507
-4.2847176
2.9008002
-1.9345975
2.357785
0.1695291
-1.5011247
0.4987748
-0.6623372
-0.23942384
-4.805898
0.80949205
4.3114867
2.8302968
-3.5737157
-5.5372877
6.738378
3.0272217
3.9577138
-1.5056063
-3.714996
-3.1562767
2.7414489
-0.76143044
-4.453057
