1.219378
3.1515553
4.2062006
-1.8705477
-1.9581573
-2.029055
-1.8092916
2.3166234
3.045295
-0.38781628
1.7864921
1.672377
2.1635032
-1.2689447
-0.40441886
0.94069135
2.9056103
-3.0195663
-1.3514218
-3.263311
-1.8935931
0.49464324
-5.2836413
-2.9637973
-0.20234278
1.6511804
-3.2430131
-1.6141167
1.6705564
-0.6194271
-0.648726
5.011241
0.91577953
-0.59753054
1.5369333
-1.8121387
-3.876442
0.82088894
-2.6674426
2.3948276
-4.1253953
2.3905833
-1.4761733
2.421622
-0.027575152
-1.4015009
0.09789524
-0.8774608
0.52518344
-4.1336365
0.57292426
3.6336513
2.6213026
-3.0386615
-3.9988277
5.2599235
2.3702323
3.476998
-1.324338
-2.9695659
-2.4544926
2.0623126
-0.6914708
-3.816222
