1.9348099
2.9945202
4.8589315
-2.1484375
-2.4222481
-1.6237417
-2.4643524
2.1499152
4.04563
-0.25196785
1.997835
2.1147451
3.4021294
-1.2666839
-0.60558146
0.67532307
3.2987726
-3.911059
-1.849323
-4.6936374
-2.8779085
0.4504611
-5.8051887
-3.8269866
-0.46787995
2.2348373
-4.477562
-1.9037555
2.7500255
-0.7587185
-0.6744464
4.706004
1.4261864
-0.96895015
1.8781755
-3.351869
-4.709825
1.1532755
-2.6548252
2.753738
-4.3599424
2.9606261
-1.9273347
2.3319302
0.16769528
-1.529672
0.49101564
-0.6250953
-0.3500988
-4.9068007
0.83768857
4.415751
2.8600867
-3.667212
-5.755138
6.857774
3.1181753
4.085664
-1.4757684
-3.729937
-3.2461834
2.8117476
-0.74963754
-4.5063324
