1.334583
3.1369224
4.3535233
-1.9782114
-2.112451
-1.8607866
-1.9932561
2.0905814
3.309549
-0.32935047
1.9325591
1.7428634
2.4963043
-1.2544895
-0.4235579
0.9704005
3.0111349
-3.269909
-1.4832661
-3.6013148
-2.2281482
0.44599462
-5.480516
-3.263885
-0.16828704
1.7738085
-3.620666
-1.6530983
1.9546386
-0.56380475
-0.6048079
4.8898425
1.1331306
-0.6801342
1.6752766
-2.1799836
-4.09009
0.9056529
-2.6036835
2.6010623
-4.1411896
2.5461688
-1.6704425
2.440647
0.012713655
-1.4164327
0.23398863
-0.9980041
0.36683396
-4.3313675
0.6637912
3.8256168
2.7128654
-3.1612866
-4.463139
5.791257
2.5736227
3.5919378
-1.3667879
-3.247586
-2.7148597
2.2640386
-0.69647324
-4.070139
