1.2482405
3.1254978
4.2261243
-1.9047673
-1.996032
-1.9940673
-1.8513907
2.272588
3.0807405
-0.39577618
1.8160813
1.6842681
2.2178187
-1.2673513
-0.40731767
0.93439007
2.9226892
-3.0715532
-1.3939432
-3.3220365
-1.9394017
0.4852329
-5.3107853
-3.0537834
-0.16260542
1.6408342
-3.3072538
-1.6092819
1.6725788
-0.5952477
-0.6343257
5.046161
0.9743816
-0.60619414
1.562349
-1.9062667
-3.921488
0.8177699
-2.6566575
2.4396734
-4.0907426
2.4525566
-1.4945503
2.4399502
-0.03952878
-1.411168
0.11338913
-0.9297488
0.5387898
-4.179825
0.5794243
3.6730936
2.646799
-3.0788705
-4.0735426
5.3615723
2.433619
3.5251515
-1.3075136
-3.011727
-2.5127947
2.0940044
-0.68855035
-3.8554597
