1.2710614
3.1282356
4.282447
-1.9464058
-2.0507927
-1.9208173
-1.962902
2.1718585
3.1940894
-0.33924896
1.8729393
1.7446631
2.356686
-1.2762933
-0.42412394
0.9779942
2.951383
-3.184643
-1.4265931
-3.4703948
-2.0986664
0.44466755
-5.4418654
-3.1431057
-0.17348206
1.7161634
-3.4911754
-1.6614616
1.8001021
-0.5582114
-0.64988893
4.9796047
1.0618196
-0.65558827
1.6164618
-2.0445333
-3.9837217
0.8579296
-2.6224766
2.5517538
-4.1071215
2.4899204
-1.5865577
2.430223
-0.031693283
-1.3779976
0.17438917
-0.94442344
0.4636414
-4.250241
0.60595703
3.731416
2.6606677
-3.1377964
-4.273662
5.6018047
2.506723
3.5210354
-1.3532373
-3.1414406
-2.6212795
2.1786563
-0.70635676
-3.9766858
