1.6921049
3.024644
4.6896834
-2.0549304
-2.3435388
-1.6494448
-2.2632146
2.010166
3.8121226
-0.28047422
1.9855481
1.932797
3.1019387
-1.2288939
-0.54941994
0.7645788
3.2200258
-3.7466981
-1.7340404
-4.279132
-2.6811202
0.35371324
-5.702859
-3.636253
-0.3286318
2.0146239
-4.225109
-1.8649645
2.479278
-0.66480935
-0.61463755
4.6926
1.3852369
-0.86391693
1.8234102
-2.955728
-4.584082
1.0779446
-2.6083794
2.6531487
-4.215682
2.831965
-1.8840929
2.3564873
0.15653062
-1.4887183
0.48031712
-0.72480106
-0.12341943
-4.6673994
0.7462536
4.1946106
2.8230126
-3.5386097
-5.4064517
6.579912
2.9070456
3.8845432
-1.5185156
-3.6676402
-3.0539682
2.6350913
-0.75910026
-4.4033523
