1.7569348
2.9841924
4.7516522
-2.1009443
-2.3281436
-1.6494074
-2.3212218
2.0202127
3.881294
-0.26645663
1.9969107
1.9893575
3.1705074
-1.2594885
-0.5803447
0.7448261
3.2669392
-3.7954538
-1.7852403
-4.3744574
-2.7415757
0.37932
-5.692874
-3.6541367
-0.37811935
2.0520554
-4.269274
-1.8651885
2.5505466
-0.68056667
-0.599794
4.669921
1.4041053
-0.8817517
1.82574
-3.0591273
-4.6288686
1.110735
-2.614555
2.6563313
-4.2596445
2.8747036
-1.9045969
2.346803
0.16565454
-1.4821211
0.5052377
-0.6758332
-0.1444767
-4.747425
0.7908237
4.250074
2.822798
-3.5689313
-5.500885
6.722592
2.9639087
3.9330044
-1.5275187
-3.6925375
-3.1052914
2.6775708
-0.7475844
-4.4135733
