1.861443
2.9605575
4.8453045
-2.1225846
-2.3977535
-1.6212387
-2.443888
2.1016784
3.994009
-0.28623864
1.9571769
2.0693586
3.3387606
-1.2798473
-0.58483624
0.70777994
3.2992578
-3.8729715
-1.8444769
-4.599161
-2.8477674
0.43511397
-5.779788
-3.7886388
-0.4416451
2.1778219
-4.4132032
-1.8722074
2.6967113
-0.73572624
-0.61580807
4.690681
1.4485489
-0.939906
1.8554413
-3.242929
-4.6948705
1.147183
-2.6322908
2.7512202
-4.295692
2.9444451
-1.9175112
2.3428938
0.16348034
-1.516951
0.50032747
-0.63696814
-0.3022107
-4.8770127
0.8139215
4.352252
2.8760238
-3.6072674
-5.6483808
6.761373
3.0716443
4.0066924
-1.5182493
-3.737329
-3.21071
2.774938
-0.7561228
-4.487569
