0.45552474
1.2038285
2.9380572
-0.8172001
-0.96159726
-1.0065608
0.72750473
0.9328486
0.75599605
-0.62203807
1.5856247
0.48569965
0.54433316
-0.36242566
-0.594656
1.1486334
1.9615434
-1.0999511
-0.2563842
-0.42459747
-0.89866805
1.0510947
-0.46473283
0.09467699
1.0123425
0.46715203
0.7547956
-0.656162
0.16254725
-0.6750958
-0.023696879
1.6559653
0.90019596
2.1122887
-0.8457774
-0.47156483
-1.0939875
0.26575327
-1.6450918
-0.6815458
-0.6436877
0.9480824
0.019824004
0.8232649
-0.5761057
0.19887125
0.5394088
-0.8592046
0.24383059
-1.3921874
-0.6891336
0.34379354
-0.005284555
-0.8619122
-0.6724408
-0.22837336
0.4837992
2.9127162
-0.89401406
-0.44914573
-0.02380872
0.95341486
-1.4635211
-0.55178213
