-1.6778971
-1.0827148
-1.8476161
0.9974591
-0.34044194
1.0914671
1.0641731
0.09119725
-0.29933387
0.4049124
1.8098063
0.17752944
-0.2885851
0.5865341
1.5371814
-0.3608824
0.2136269
0.8074467
0.033681434
0.94810045
0.54336244
0.0154638
0.5332914
-0.32874018
-0.09752285
-0.63303053
2.2988214
0.7781149
0.6561781
-0.06256743
0.796777
-0.73365176
-0.1175357
1.9764943
-1.122069
-0.4925262
-0.06376696
-1.309624
0.5165679
-0.4480435
0.4000752
-0.45615715
-0.9229489
-0.50745845
0.56590134
0.64241356
-0.620979
-1.2229971
0.19688788
0.5383916
-1.6153315
-0.053058483
-0.29374748
-1.1753256
-1.1696464
0.5159739
-0.41198903
-2.1171288
0.99915683
-1.3743776
1.2336173
-0.30131733
-0.09776671
-1.492953
