1.6572497
3.0351534
4.682811
-2.0281463
-2.3060763
-1.6713823
-2.2152963
1.9608574
3.7479825
-0.26748228
2.0054255
1.9106477
3.0637896
-1.2530574
-0.5481078
0.787222
3.2179008
-3.6817436
-1.6598448
-4.1878223
-2.640789
0.36893448
-5.673502
-3.5798547
-0.30293232
1.952843
-4.1104465
-1.8178831
2.4100935
-0.6420691
-0.5879256
4.7047668
1.3841311
-0.8127769
1.7962563
-2.8146951
-4.5656147
1.0807217
-2.6052587
2.6798167
-4.2232637
2.8125541
-1.8830341
2.3625019
0.13491043
-1.504077
0.42028368
-0.7707642
-0.04167903
-4.5957146
0.7497313
4.176027
2.8088396
-3.4954226
-5.2759027
6.5349607
2.8717227
3.8383448
-1.5077275
-3.5858455
-3.0063233
2.58287
-0.74479425
-4.4127107
