1.2903868
3.1250029
4.32008
-1.937761
-2.08653
-1.8772475
-1.9697146
2.1396213
3.2412462
-0.3447905
1.9031044
1.7519403
2.4115646
-1.2497258
-0.4176885
0.96575963
2.975338
-3.2325199
-1.4493477
-3.5226703
-2.1440058
0.46220645
-5.4413376
-3.2117367
-0.15989475
1.7419969
-3.5412679
-1.6805382
1.8892753
-0.560503
-0.6324499
4.924006
1.0891242
-0.6598857
1.6600777
-2.1121721
-4.0228977
0.9019137
-2.6230786
2.5989234
-4.113728
2.5008333
-1.6294562
2.4346473
-0.0023846894
-1.387912
0.20466591
-0.9611908
0.43270645
-4.3010616
0.6372418
3.7780766
2.6707885
-3.141489
-4.352266
5.7179193
2.5535274
3.5344992
-1.349212
-3.185161
-2.6834002
2.2057068
-0.70552105
-4.024696
