1.3645413
3.1370943
4.380729
-2.0092463
-2.1428545
-1.8275721
-1.9764614
2.055203
3.384929
-0.31787997
1.9379946
1.7880265
2.535902
-1.2471836
-0.43495688
0.937675
3.0700305
-3.3337529
-1.5272572
-3.6624737
-2.2836738
0.40720457
-5.492311
-3.309508
-0.19889976
1.8002293
-3.6920652
-1.6593314
2.0160754
-0.55993676
-0.5872651
4.837887
1.1745371
-0.7428368
1.6837047
-2.276786
-4.135877
0.96678066
-2.5909133
2.6301713
-4.116956
2.5890217
-1.6997758
2.4450505
0.054924544
-1.415483
0.27847826
-0.9478628
0.30760387
-4.3642106
0.7078585
3.8915927
2.726865
-3.2283828
-4.6045365
5.9096937
2.607029
3.5995986
-1.3923724
-3.3231938
-2.7714014
2.3155878
-0.69933903
-4.134006
