1.5435495
3.0870497
4.5777216
-2.0205717
-2.2429848
-1.7067668
-2.1219447
1.9807173
3.5683138
-0.27334985
2.0044463
1.8391864
2.9200907
-1.2596143
-0.5074388
0.83279383
3.1871545
-3.5585804
-1.6570125
-3.993146
-2.5467906
0.33034265
-5.5770903
-3.5100214
-0.2541892
1.8623344
-3.9047542
-1.7856745
2.2740571
-0.59049934
-0.53995085
4.7695985
1.341741
-0.7766846
1.795022
-2.665773
-4.416675
1.0073069
-2.5883756
2.6359215
-4.16965
2.7220469
-1.8262264
2.408802
0.10032694
-1.4412794
0.3914629
-0.8436502
0.08908927
-4.5155725
0.7579377
4.079825
2.788623
-3.3771598
-5.0199513
6.290878
2.7820516
3.7483633
-1.5015126
-3.4980109
-2.922559
2.4882045
-0.7168407
-4.3425045
