2.1970751
2.994426
5.1114774
-2.2096093
-2.4957755
-1.6056018
-2.6399276
2.348618
4.2505903
-0.31075504
1.8587432
2.3223667
3.5760264
-1.3291467
-0.69896656
0.55175686
3.2907667
-4.0673327
-1.9960685
-5.147763
-3.1324902
0.46650258
-5.97802
-4.0626307
-0.62481475
2.5646772
-4.8149223
-2.0384004
2.955051
-0.96674734
-0.74609596
4.8987074
1.5508283
-1.0208135
1.9458915
-3.7494824
-4.8625274
1.0804027
-2.7336526
2.9618292
-4.440667
3.082116
-1.9440995
2.3067324
0.10763126
-1.5994737
0.4429048
-0.44533205
-0.61052436
-5.0833206
0.85537827
4.5459495
2.8867347
-3.912337
-6.001074
7.0675406
3.2565084
4.234341
-1.4863095
-3.789701
-3.5348392
3.0000737
-0.7085848
-4.5551343
