3.0697877
2.9651926
5.73137
-2.480793
-2.9338758
-1.263274
-2.675686
3.1251647
5.098993
-0.48530138
2.053052
3.0053554
4.010299
-1.4488623
-0.98172975
0.099566855
3.9519308
-4.5564213
-2.442511
-6.6923385
-4.0362124
0.2798193
-6.736435
-4.537289
-1.107457
4.031958
-6.0879107
-2.8032975
3.7189872
-1.9203594
-0.74252236
5.690833
2.0818465
-1.2987876
1.9899019
-5.06461
-5.449299
0.55262053
-3.4873388
3.5754416
-5.378668
3.3689759
-2.4405966
2.4902146
-0.6222195
-1.7539252
-0.043142673
0.21446423
-1.6062338
-5.7540207
1.301325
4.696095
3.2118707
-4.8324637
-7.5890236
7.6011205
3.8157735
5.089832
-1.4392132
-3.9696717
-4.796394
3.760938
-0.86076707
-5.0092177
