2.0467854
2.988313
5.0022397
-2.1944923
-2.4775026
-1.6034755
-2.535163
2.2171612
4.137906
-0.2993778
1.9124597
2.1845708
3.5037057
-1.3224981
-0.6315496
0.6395719
3.2881007
-3.9765306
-1.9347278
-4.896995
-3.003361
0.44876
-5.8883405
-3.957761
-0.57362455
2.3873892
-4.6599793
-1.9954888
2.8723204
-0.8939832
-0.7274212
4.794572
1.4977363
-0.99895996
1.9285148
-3.5439515
-4.7669806
1.0889744
-2.6931443
2.840585
-4.3820424
3.0266328
-1.9302197
2.3045707
0.16183648
-1.5747741
0.46583948
-0.5395106
-0.50888175
-4.996303
0.86797374
4.4839163
2.8747673
-3.7974946
-5.8458505
6.991782
3.2014053
4.1764007
-1.4654839
-3.7603145
-3.4137127
2.9080229
-0.73021525
-4.53437
