2.5338705
2.9628901
5.3536844
-2.3934548
-2.575324
-1.5071806
-2.7940626
2.6234787
4.586625
-0.4550846
1.8719308
2.6497376
3.7143984
-1.4419223
-0.8100034
0.3664502
3.4237268
-4.2737846
-2.2180004
-5.847431
-3.5247986
0.48702645
-6.351051
-4.228959
-0.87238556
3.0355673
-5.34171
-2.3371718
3.2932546
-1.312861
-0.80298847
5.2758265
1.7502679
-1.1118076
1.9790294
-4.2435994
-5.0385027
0.9179804
-2.9473743
3.2432432
-4.7256265
3.2516913
-2.1111848
2.28018
-0.17968997
-1.7015566
0.32496086
-0.21433672
-0.9612306
-5.409806
1.0138551
4.603198
2.817569
-4.3358784
-6.521749
7.1484036
3.391614
4.482766
-1.4828492
-3.8900878
-4.073036
3.2518523
-0.7566382
-4.672992
