2.3085632
2.9571052
5.225918
-2.2864726
-2.505477
-1.5758994
-2.693957
2.4285119
4.3450236
-0.34027556
1.8891745
2.4097939
3.6062264
-1.3426634
-0.72775954
0.5083799
3.3159623
-4.144674
-2.0966272
-5.3620005
-3.256021
0.51621175
-6.069607
-4.140131
-0.6992532
2.7402737
-4.9863048
-2.1204114
3.0618145
-1.0840563
-0.7751994
5.028147
1.5941602
-1.0486925
1.9604263
-3.877094
-4.9594254
1.0687025
-2.7929628
3.1104255
-4.5668926
3.0731394
-1.9835678
2.296493
0.0028746699
-1.6135781
0.4108446
-0.35590816
-0.71017236
-5.2052584
0.88529
4.577207
2.8579926
-4.0456696
-6.141809
7.068978
3.2939558
4.354866
-1.4824405
-3.7910774
-3.7041802
3.053373
-0.7455121
-4.5690513
