2.9675364
2.9567416
5.644036
-2.4566133
-2.8653877
-1.3444326
-2.6983092
3.0168867
4.9747486
-0.5081923
1.9833504
2.9235322
3.9321127
-1.4703609
-0.9260145
0.11448154
3.8078284
-4.5053506
-2.343987
-6.575549
-3.9443662
0.31210506
-6.634529
-4.471834
-1.0798165
3.8344696
-6.0121355
-2.6526167
3.6530952
-1.7961085
-0.72891223
5.6405377
2.022867
-1.263126
1.9536823
-4.886214
-5.3252497
0.56032103
-3.3879645
3.5096989
-5.233665
3.349564
-2.385557
2.4335837
-0.5227674
-1.8103696
0.019569281
0.13370942
-1.5212884
-5.702146
1.2541609
4.6846848
3.1797938
-4.770107
-7.3793564
7.40889
3.6814907
4.938559
-1.477853
-3.9069674
-4.690593
3.6634893
-0.80824
-4.9528356
