2.6402032
2.9690533
5.4298077
-2.418127
-2.6523306
-1.4719033
-2.73568
2.7160208
4.6947484
-0.48309353
1.8910869
2.7176297
3.7453368
-1.4465876
-0.83274204
0.32312524
3.470767
-4.338387
-2.228204
-6.03762
-3.6561503
0.4767845
-6.411723
-4.2613277
-0.9163891
3.1724088
-5.550618
-2.397604
3.4074597
-1.4370226
-0.7909193
5.3401213
1.8387558
-1.1556464
1.9969307
-4.4010816
-5.0948462
0.811744
-3.0854082
3.3452055
-4.8277016
3.3158345
-2.17045
2.3039565
-0.27979746
-1.7822461
0.22085425
-0.15587604
-1.1294223
-5.494175
1.0679563
4.6319766
2.8685505
-4.4647746
-6.7378836
7.1971583
3.474914
4.570552
-1.496763
-3.8965325
-4.2204547
3.3488252
-0.7540667
-4.7334366
