0.33703458
1.3172861
2.8153353
-1.032908
-0.94936603
-0.9789918
0.6678604
1.2891817
0.8809991
-0.6594948
1.5463141
0.50899947
0.84127283
-0.35227904
-0.5885463
1.2790768
2.3028564
-1.1635622
-0.38029146
-0.71833247
-1.0699241
1.2993548
-0.8272242
0.055620775
0.96409136
0.70716876
0.5393642
-0.78832173
0.3568786
-0.5335361
-0.18438552
1.8830746
0.9212393
1.9692715
-0.86148655
-0.36513868
-1.2457082
0.3810821
-1.8327153
-0.6740667
-0.8744767
1.5275214
-0.15991229
0.7380143
-0.7608764
0.011750959
0.21613176
-0.88320863
0.11832635
-1.4333732
-0.59419155
0.43279493
0.02838931
-1.0674075
-0.6997008
-0.063596375
0.70884424
2.9960303
-0.67915285
-0.4483516
-0.06338394
1.0129354
-1.5305687
-0.64960617
