2.8672934
2.980085
5.567179
-2.4434338
-2.7876039
-1.3751512
-2.7337515
2.8996694
4.899526
-0.48616382
1.9568505
2.9106622
3.896262
-1.503734
-0.9086228
0.20140597
3.714834
-4.438031
-2.2919703
-6.3852606
-3.8666897
0.38421854
-6.5106673
-4.4132233
-1.073132
3.583515
-5.9033093
-2.570412
3.5630944
-1.6710931
-0.7059562
5.5548716
1.9332995
-1.2226696
1.993012
-4.7149334
-5.26515
0.6019638
-3.2570124
3.4633865
-5.0845757
3.37883
-2.3106816
2.3993022
-0.4549269
-1.8217354
0.060036503
0.0151768075
-1.4186378
-5.6465745
1.2028053
4.684259
3.0199924
-4.716324
-7.1314917
7.3274097
3.617126
4.751974
-1.4897147
-3.8744345
-4.5419846
3.5475798
-0.76371783
-4.888964
