1.9950975
2.9932213
4.9546723
-2.1628273
-2.4413488
-1.6082968
-2.524109
2.1784995
4.072675
-0.24806641
1.9454918
2.1309965
3.4543953
-1.2975787
-0.61160475
0.6387336
3.2662315
-3.9320207
-1.9062562
-4.796437
-2.958328
0.438881
-5.79874
-3.8942602
-0.5272293
2.3204668
-4.553646
-1.9490589
2.810338
-0.8135993
-0.7016501
4.7318387
1.4456702
-0.9641097
1.9110491
-3.441831
-4.748467
1.088431
-2.6895852
2.8057656
-4.3566546
2.9761784
-1.9142711
2.3215454
0.17090352
-1.5450696
0.46961984
-0.573869
-0.41394097
-4.94365
0.8483466
4.439463
2.8189993
-3.7333684
-5.7901473
6.9341826
3.1453378
4.119474
-1.4773308
-3.7380261
-3.3441725
2.8379319
-0.7554761
-4.536437
