2.9144764
2.9706888
5.621041
-2.4567432
-2.830093
-1.3424977
-2.7185447
2.9760516
4.949368
-0.49052873
1.9445788
2.861573
3.893955
-1.4988441
-0.92879516
0.1644818
3.7566726
-4.4713216
-2.3134499
-6.481106
-3.9072325
0.33650753
-6.5953145
-4.430939
-1.0796461
3.712486
-5.9682016
-2.6234882
3.6025612
-1.7509744
-0.7332711
5.5881305
1.9702502
-1.235898
1.9607483
-4.8048763
-5.3107057
0.59032625
-3.3040905
3.4891593
-5.176363
3.3663173
-2.3514192
2.4234319
-0.4926967
-1.8096132
0.022342283
0.067800745
-1.4485303
-5.6666656
1.2311354
4.710267
3.083248
-4.7534537
-7.237139
7.378021
3.656446
4.835682
-1.4775164
-3.9197993
-4.6182466
3.6151776
-0.80018353
-4.9241843
