2.8289747
2.9618328
5.5556774
-2.453258
-2.7334263
-1.3659058
-2.7296162
2.875725
4.85496
-0.511722
1.9071192
2.836827
3.8672752
-1.4796646
-0.8849653
0.23847659
3.6270854
-4.433516
-2.2995129
-6.316484
-3.800708
0.38585994
-6.476469
-4.3566413
-1.0448766
3.476267
-5.8407645
-2.5191815
3.5301032
-1.6175928
-0.729121
5.490944
1.9491668
-1.2333022
1.9635377
-4.63131
-5.195628
0.6378625
-3.1890361
3.428124
-4.9806194
3.3887117
-2.2586412
2.3772855
-0.4302652
-1.8151187
0.110123545
-0.040961992
-1.3702391
-5.586466
1.1274363
4.6688447
2.9901307
-4.65419
-7.036848
7.305301
3.571937
4.703576
-1.4897242
-3.88514
-4.469286
3.5299814
-0.76519233
-4.8539047
