-1.7018162
-1.1565845
-1.8639817
1.0391873
-0.33679792
1.0129554
1.132539
0.15314199
-0.36379862
0.45627835
1.8369391
0.13257125
-0.33157152
0.5532416
1.5563433
-0.36905932
0.21607693
0.82455736
-0.020377988
0.9665962
0.5645862
0.050860237
0.4561907
-0.40022957
-0.049924612
-0.7337054
2.3701544
0.80362564
0.5783899
-0.05667119
0.7597357
-0.77086884
-0.14336917
2.0744529
-1.1415867
-0.4441851
-0.029903948
-1.376196
0.46958625
-0.39325288
0.364951
-0.46255553
-0.92583
-0.43067223
0.5561538
0.6703387
-0.47335425
-1.198272
0.048121758
0.5577731
-1.6460295
-0.1298327
-0.23619188
-1.0645506
-1.1323669
0.5104288
-0.43789652
-2.2110162
0.914113
-1.3857731
1.3400605
-0.38233048
-0.18991934
-1.537636
