3.0284967
2.9478414
5.673974
-2.4507093
-2.8919706
-1.2986917
-2.6765969
3.0894616
5.0472445
-0.49665043
2.0363326
2.9699225
3.9792874
-1.4633511
-0.95776546
0.09407773
3.8851976
-4.5451236
-2.398735
-6.6362567
-3.9803348
0.27931622
-6.66328
-4.5174155
-1.1175667
3.9291873
-6.0693426
-2.7236803
3.6788557
-1.8633257
-0.72800666
5.6660213
2.0233102
-1.3007958
1.9843439
-4.9789476
-5.392119
0.5734855
-3.428272
3.5410423
-5.337543
3.358007
-2.4212327
2.479625
-0.5699839
-1.7996409
-0.019815957
0.190787
-1.5668278
-5.7006655
1.2882235
4.6955743
3.1808877
-4.8510194
-7.5356827
7.500939
3.742579
5.016812
-1.4547491
-3.9192767
-4.7315636
3.7093227
-0.8333267
-4.953638
