2.1423292
2.9671924
5.0644093
-2.2019296
-2.432202
-1.6134987
-2.589935
2.2630253
4.196906
-0.3087339
1.8959454
2.2527046
3.52416
-1.3468221
-0.67427444
0.58628714
3.269682
-4.001792
-1.9638717
-5.0303583
-3.0661275
0.45735827
-5.90091
-4.006669
-0.6047519
2.466734
-4.696477
-2.0235813
2.8880043
-0.90088373
-0.7442954
4.8518877
1.5095364
-0.9898813
1.9503431
-3.6366737
-4.838806
1.0987401
-2.7211437
2.884637
-4.4189863
3.0518482
-1.9354416
2.3136923
0.1271578
-1.5797397
0.4554628
-0.49491027
-0.5588248
-5.060657
0.847275
4.5028453
2.8572984
-3.840549
-5.9189944
7.0536733
3.215352
4.251309
-1.4973271
-3.7754767
-3.4790633
2.9560874
-0.73413664
-4.534581
