2.70583
2.9596806
5.499563
-2.456947
-2.67611
-1.4375393
-2.7268736
2.7736135
4.749598
-0.5083246
1.9109184
2.774443
3.775517
-1.4881086
-0.8236186
0.30116877
3.517692
-4.3729935
-2.2484908
-6.1122913
-3.726077
0.4525485
-6.427346
-4.298403
-0.9419947
3.2513852
-5.6119103
-2.444004
3.452124
-1.4998484
-0.7576408
5.4134803
1.8855821
-1.1492442
1.9932238
-4.4893007
-5.129986
0.74217653
-3.1007802
3.3520732
-4.8775067
3.322154
-2.2165725
2.3333988
-0.35026836
-1.7983809
0.18075818
-0.08331576
-1.2295315
-5.5548706
1.1005535
4.637145
2.9245179
-4.537198
-6.858541
7.241965
3.49992
4.647169
-1.5010135
-3.8782077
-4.297564
3.3947382
-0.75805396
-4.7697377
