2.2836554
2.9686248
5.17098
-2.2519479
-2.4882545
-1.6035441
-2.6671677
2.4102886
4.298356
-0.33093184
1.8979611
2.3703089
3.611052
-1.3486685
-0.71217895
0.5301369
3.3070974
-4.0860715
-2.0621152
-5.2569413
-3.199151
0.49766496
-6.013202
-4.0804353
-0.6785194
2.6513016
-4.897435
-2.0956905
3.0044625
-1.0265173
-0.7301537
4.960669
1.5738677
-1.0381935
1.9524828
-3.786367
-4.9200583
1.0642772
-2.7452128
3.0292516
-4.5295424
3.0929093
-1.9464328
2.2851355
0.08718027
-1.6007432
0.42913318
-0.37684935
-0.6826045
-5.149722
0.8607454
4.594659
2.8614225
-3.9836411
-6.091867
7.0703783
3.2682202
4.3018994
-1.472719
-3.8001873
-3.6257372
3.0264018
-0.72647405
-4.5739927
