2.7648957
2.9774039
5.531591
-2.4430976
-2.7292523
-1.3972229
-2.7374148
2.8342283
4.7899113
-0.5058537
1.9022523
2.8100095
3.8051414
-1.4543467
-0.8307341
0.26630217
3.5352993
-4.4167995
-2.2799277
-6.2031565
-3.7467842
0.40570185
-6.445451
-4.3469186
-0.9963319
3.3415482
-5.72784
-2.5193064
3.4981415
-1.5700947
-0.75185275
5.4423084
1.9196976
-1.1477561
1.9799007
-4.550347
-5.142301
0.6942399
-3.1334772
3.3932593
-4.9159355
3.3495727
-2.2292056
2.372819
-0.3923972
-1.8054842
0.1642671
-0.082904086
-1.2901632
-5.5547094
1.1275612
4.668487
2.9838543
-4.600294
-6.8897676
7.253266
3.536867
4.667358
-1.4589058
-3.8997154
-4.3726144
3.4407613
-0.7605
-4.7900925
