2.4060504
2.9507473
5.3007126
-2.3698244
-2.5092866
-1.527547
-2.7323108
2.5278091
4.452825
-0.4143658
1.8608721
2.5274813
3.6375425
-1.3869075
-0.7609827
0.45601913
3.3430336
-4.2100143
-2.1545384
-5.5974884
-3.3920188
0.5095839
-6.1951723
-4.188746
-0.8271987
2.927694
-5.113101
-2.2398422
3.1832528
-1.2139609
-0.80753237
5.1498466
1.6860603
-1.065867
1.9940583
-4.0368443
-4.973961
1.0246229
-2.87252
3.1730244
-4.6482725
3.1839283
-2.0522687
2.281778
-0.05895744
-1.6249893
0.3612345
-0.28713796
-0.8701361
-5.3510804
0.92745954
4.5929475
2.8405478
-4.1623445
-6.30796
7.067532
3.341001
4.388801
-1.461091
-3.8638077
-3.869197
3.1225526
-0.7455873
-4.6287746
