2.4568665
2.9357603
5.3437347
-2.3878164
-2.543263
-1.4865988
-2.7452939
2.6032543
4.5114555
-0.43260902
1.8313859
2.6072757
3.6986053
-1.4112465
-0.78227955
0.41274783
3.397764
-4.263241
-2.1857889
-5.7234764
-3.446376
0.47486606
-6.2793984
-4.1938205
-0.8682941
2.9684045
-5.208026
-2.275781
3.225856
-1.2725047
-0.80982333
5.208889
1.6946028
-1.1267755
1.9938065
-4.1572137
-5.034507
0.9743491
-2.908257
3.2039301
-4.6920166
3.224835
-2.0803306
2.276084
-0.093458205
-1.6583259
0.33965904
-0.26695684
-0.91041344
-5.374301
0.9715283
4.6158257
2.8458345
-4.249084
-6.451385
7.123754
3.3712666
4.442801
-1.4783934
-3.863873
-3.9670987
3.2190552
-0.7464314
-4.645716
