2.584862
2.9792964
5.3943596
-2.4173706
-2.6471004
-1.4545114
-2.7658637
2.682006
4.6446567
-0.45197034
1.8765655
2.6874504
3.7483108
-1.4229087
-0.83250743
0.36872366
3.4600751
-4.304316
-2.2009661
-5.943664
-3.638174
0.4887949
-6.408263
-4.238443
-0.89175016
3.098513
-5.46301
-2.3531291
3.376691
-1.3727603
-0.7827042
5.2948785
1.7951431
-1.1165149
2.0070279
-4.339021
-5.0723834
0.8570775
-3.0004172
3.2700763
-4.771789
3.264457
-2.1515193
2.2874944
-0.2578526
-1.731011
0.26388657
-0.18080492
-1.0507971
-5.486845
1.0304028
4.6089525
2.8024776
-4.427309
-6.6649733
7.1783276
3.434232
4.54492
-1.4775705
-3.8622158
-4.1284385
3.2902575
-0.75270253
-4.7225857
