2.356309
2.9470584
5.264359
-2.3319378
-2.5111392
-1.5575182
-2.7051811
2.4977813
4.395319
-0.38057515
1.8742038
2.493198
3.6502144
-1.4046894
-0.7421211
0.48125952
3.326444
-4.174411
-2.1340244
-5.496743
-3.3108861
0.50915885
-6.155887
-4.1502934
-0.77838904
2.8231785
-5.0882273
-2.1719506
3.119324
-1.1455803
-0.7983493
5.052107
1.6459085
-1.0758268
1.9781575
-3.9694066
-4.9523454
1.0294719
-2.8383663
3.120551
-4.617863
3.1530478
-2.0028327
2.2866638
-0.028597975
-1.6148355
0.3871126
-0.32956883
-0.801488
-5.2932158
0.9170389
4.590144
2.8418372
-4.107248
-6.2358847
7.071022
3.317851
4.3700943
-1.4814371
-3.7926996
-3.7819638
3.0986712
-0.7471989
-4.588543
