3.7009525
2.643725
6.4181433
-2.820709
-3.375033
-0.7465114
-2.5412407
3.6784668
5.6666718
-0.2761939
2.4203982
3.500676
4.5222163
-1.2412953
-1.2372102
-0.13988945
4.626058
-4.9693565
-3.160475
-7.4333596
-4.5881286
-0.00048363043
-7.609804
-5.120266
-1.3868964
5.4503193
-6.9029627
-3.4837556
4.309786
-2.3982275
-0.9895026
6.1447744
2.332099
-1.6562515
2.117341
-5.737006
-6.1737537
0.60498166
-4.3742
4.038591
-6.190114
3.5861454
-2.7846591
2.6771522
-0.9737087
-1.7366053
-0.50507736
0.73032206
-2.0334475
-6.3781743
1.1848397
4.8577223
3.9082162
-5.168537
-8.957597
8.398484
4.527484
6.242437
-1.62888
-4.281733
-5.75425
4.280213
-0.9426415
-5.7423773
