3.904747
2.562274
6.547959
-2.95161
-3.476775
-0.6016327
-2.5026555
3.8506904
5.7799335
-0.2622258
2.545978
3.6433933
4.658398
-1.1210154
-1.2924393
-0.12710851
4.7926636
-5.1544247
-3.3619127
-7.6485105
-4.768894
-0.09848334
-7.72066
-5.29578
-1.458992
5.781365
-7.0148916
-3.5862985
4.413473
-2.4853785
-1.0471481
6.260148
2.4578252
-1.7509303
2.074589
-5.7981253
-6.27461
0.47373652
-4.552411
4.1132603
-6.3435764
3.6506262
-2.8684583
2.6791036
-1.0307891
-1.6760746
-0.6182027
0.85915023
-2.1564248
-6.494042
1.1242733
4.9063115
3.995873
-5.3143964
-9.291469
8.501945
4.640058
6.5276723
-1.7004285
-4.41687
-5.95678
4.3916583
-0.9221859
-5.938994
