3.2376232
2.943958
5.8656526
-2.542348
-3.0060856
-1.1491485
-2.61785
3.2092843
5.254956
-0.40894043
2.1423016
3.110989
4.159527
-1.446823
-1.027463
0.0008664268
4.152686
-4.646528
-2.5348873
-6.879779
-4.1665998
0.26507428
-6.932729
-4.6417503
-1.20206
4.360364
-6.2218275
-3.0129023
3.885582
-2.0418286
-0.75991005
5.8253336
2.1712136
-1.3603618
2.0519931
-5.254855
-5.6124506
0.5641107
-3.6752899
3.689661
-5.5888076
3.4170425
-2.556428
2.5609894
-0.71138895
-1.7513971
-0.13762635
0.36082715
-1.6686037
-5.8357058
1.3157557
4.708988
3.3933606
-4.8893514
-7.9715734
7.7790594
3.944659
5.349652
-1.5191119
-4.0679207
-5.0081797
3.9152565
-0.90416646
-5.181884
