3.8221493
2.5867555
6.475066
-2.9224715
-3.441432
-0.6358997
-2.4896376
3.82011
5.766225
-0.24932414
2.5119758
3.6082268
4.609388
-1.156087
-1.2770833
-0.15425804
4.753742
-5.09262
-3.2909422
-7.5593576
-4.68703
-0.07129231
-7.701087
-5.2451186
-1.4462752
5.657949
-6.961817
-3.6118722
4.3736453
-2.4436126
-1.0623053
6.24449
2.3831105
-1.7068071
2.0863745
-5.782858
-6.231895
0.47918785
-4.4645166
4.1144905
-6.2946177
3.618075
-2.8519318
2.6863651
-0.9934034
-1.7126278
-0.55994093
0.8377748
-2.103704
-6.4888387
1.1218358
4.883284
4.0387306
-5.2961154
-9.162213
8.453299
4.6474657
6.436017
-1.6844345
-4.342917
-5.9220123
4.346656
-0.93382865
-5.8673854
