3.3597393
2.8869863
5.9765396
-2.6024463
-3.0515823
-1.0433929
-2.6147003
3.339999
5.3353024
-0.40663984
2.1890879
3.227227
4.23619
-1.448429
-1.0674374
-0.030294564
4.1881437
-4.676029
-2.6588826
-6.969286
-4.2526712
0.22721323
-7.1030173
-4.70942
-1.229137
4.6509967
-6.385274
-3.130435
3.9432101
-2.1217136
-0.81464773
5.844537
2.184193
-1.4198828
2.0792599
-5.3745728
-5.716799
0.6027812
-3.798062
3.7711055
-5.699789
3.4395936
-2.5997295
2.5970557
-0.7892482
-1.7893337
-0.24771853
0.41672486
-1.7515105
-5.9718895
1.3485453
4.7267656
3.4957826
-4.9616585
-8.213661
7.8900247
4.056436
5.49636
-1.5402588
-4.125511
-5.1593485
3.9553742
-0.9417121
-5.279832
