3.1853678
2.9552042
5.8594766
-2.502586
-2.968699
-1.1890178
-2.6535296
3.1793294
5.1704173
-0.45194468
2.100783
3.086583
4.0849347
-1.431611
-1.0084778
0.04945827
4.087235
-4.628454
-2.5257704
-6.823131
-4.1209717
0.2940976
-6.8259635
-4.627775
-1.1820043
4.272332
-6.1912904
-2.9064596
3.8322375
-2.002593
-0.72779685
5.776383
2.1357532
-1.3405663
2.0070684
-5.1707344
-5.601758
0.5444635
-3.6282184
3.6416328
-5.5255394
3.4008873
-2.5164504
2.535204
-0.71150035
-1.7479136
-0.09127014
0.3003206
-1.6573788
-5.7923965
1.3237938
4.712583
3.314362
-4.875381
-7.910801
7.7276864
3.8959644
5.2428274
-1.4583786
-4.037684
-4.9476485
3.8593225
-0.87625325
-5.117578
