3.2920227
2.89271
5.9109235
-2.5472748
-3.031406
-1.1061798
-2.6277213
3.2684023
5.2625356
-0.4207836
2.1620576
3.176908
4.1738377
-1.4787784
-1.0389756
-0.001080805
4.1543083
-4.659248
-2.581235
-6.906909
-4.1899095
0.2272644
-7.0374165
-4.6657395
-1.1960621
4.5036983
-6.2911386
-3.0092728
3.8983288
-2.111473
-0.76460516
5.8268
2.163129
-1.3823681
2.039076
-5.2797446
-5.6547203
0.5763491
-3.7337646
3.7557752
-5.644543
3.4271216
-2.5715437
2.577981
-0.7718596
-1.8001273
-0.17934941
0.4016217
-1.7410805
-5.932349
1.3327142
4.7136097
3.4422793
-4.915091
-8.100216
7.8701887
4.003703
5.4377975
-1.5048107
-4.0984735
-5.093716
3.9399905
-0.9221609
-5.2157435
