0.34130982
1.5022203
2.8429346
-1.1701311
-1.0020894
-1.0898505
0.5641497
1.472685
0.98498607
-0.7881949
1.5095584
0.52326924
0.9690677
-0.39392155
-0.6335183
1.2998973
2.2683532
-1.2011802
-0.45133063
-0.7826031
-1.0822066
1.5466926
-0.9570534
0.025851827
0.842557
0.708162
0.4216304
-0.83627427
0.51851815
-0.4272553
-0.15752533
2.0443127
0.89325017
1.7570989
-0.8055142
-0.33856302
-1.4751801
0.5314631
-1.9858067
-0.67885077
-1.0727831
1.6323665
-0.14925137
0.74028844
-0.83216536
0.033534598
0.030929478
-0.93255985
0.12819442
-1.3679667
-0.5980863
0.5525477
0.18470111
-1.1900287
-0.6879643
0.016698489
0.68094933
3.0861552
-0.5702573
-0.5484006
-0.14204459
1.1101887
-1.5778412
-0.7756242
