3.384305
2.889683
6.0403266
-2.636545
-3.0884457
-1.0312653
-2.5942101
3.3709857
5.429508
-0.39724982
2.2341456
3.2732577
4.2722316
-1.4419749
-1.093409
-0.08488648
4.2441673
-4.718704
-2.7258668
-7.0319505
-4.286006
0.21182051
-7.1854677
-4.7576013
-1.2282177
4.7655997
-6.393392
-3.1475482
3.9879792
-2.1645372
-0.84708166
5.9263573
2.2021754
-1.4538532
2.078724
-5.4318733
-5.7786107
0.6502818
-3.8547263
3.7977216
-5.7578573
3.4050477
-2.6368682
2.6008322
-0.7982329
-1.7665007
-0.24580483
0.45349333
-1.8072749
-6.0266666
1.3094436
4.729112
3.495778
-5.001343
-8.365124
7.970988
4.1183543
5.617431
-1.5887353
-4.1512775
-5.215459
3.990807
-0.9281212
-5.330822
