0.67344975
1.0097765
3.0251245
-0.56400824
-0.8977126
-1.276396
0.5728162
0.5029092
0.7936112
-0.6335768
1.3196379
0.64336383
0.23289771
-0.7110549
-0.48594087
0.60278386
1.198627
-1.1152039
0.027279451
0.10875989
-0.5531407
1.0106254
-0.24378012
0.28920454
1.106755
-0.12974547
0.39508918
-0.57808566
-0.029288484
-0.81081855
-0.030582216
1.7093881
0.7417366
2.5090046
-0.38191468
-0.17381598
-0.8952447
0.40240157
-1.5590645
-0.5968966
-0.08624349
0.13724987
0.28794497
0.72766906
-0.50444126
0.50831985
0.9043383
-0.85226226
0.44890743
-1.3644276
-0.6160795
0.37518677
-0.19769111
-0.36532888
-0.1722814
-0.6530896
0.2340151
2.102829
-0.6841365
-0.6243653
0.3332688
0.9670967
-1.4086472
-0.14353365
