3.5071084
2.7994225
6.179927
-2.716722
-3.205171
-0.90791637
-2.5309086
3.5173686
5.4953966
-0.36364105
2.3403716
3.3803525
4.374029
-1.331613
-1.1464174
-0.09957341
4.4165473
-4.87826
-2.8943458
-7.1730785
-4.443352
0.083562545
-7.3902473
-4.9044256
-1.3592731
5.0464845
-6.592175
-3.306601
4.0901227
-2.292048
-0.89225364
6.0396523
2.2323666
-1.5187657
2.110006
-5.5961304
-5.929706
0.6697731
-4.064886
3.8862205
-5.980362
3.4984944
-2.7179668
2.6373136
-0.90436435
-1.7548852
-0.32730088
0.580728
-1.8827575
-6.1512504
1.2974521
4.751234
3.663811
-5.057647
-8.618349
8.118613
4.300077
5.89313
-1.5825907
-4.244207
-5.442373
4.1156487
-0.9352822
-5.522337
