3.5520973
2.7320197
6.257629
-2.7427526
-3.269079
-0.88132876
-2.5439036
3.562069
5.5778227
-0.3310836
2.369455
3.386022
4.4314594
-1.2967242
-1.1794053
-0.13589525
4.479192
-4.899898
-2.9571376
-7.226888
-4.480798
0.060206864
-7.4535904
-4.9755955
-1.3531562
5.144725
-6.66364
-3.3569012
4.1654224
-2.2815528
-0.93009293
6.0472503
2.2228317
-1.5493727
2.108212
-5.622166
-6.0016146
0.5908528
-4.117409
3.9505167
-6.0412335
3.5020492
-2.7673442
2.635573
-0.91404706
-1.7997072
-0.3655789
0.64584804
-1.9204316
-6.2030845
1.2581607
4.787927
3.7187932
-5.0926046
-8.673302
8.243956
4.348851
5.9648213
-1.5798126
-4.2697067
-5.483926
4.1700516
-0.9340988
-5.604316
