3.4438133
2.8676164
6.078546
-2.6845493
-3.1259816
-1.0004284
-2.5709813
3.43666
5.4483137
-0.3772696
2.234092
3.2982843
4.366344
-1.4048612
-1.1174854
-0.06567958
4.312712
-4.7561765
-2.7470734
-7.062272
-4.3125496
0.20716229
-7.2784686
-4.7822843
-1.2789456
4.8360844
-6.43286
-3.2231221
4.007847
-2.1875896
-0.87867767
5.978401
2.1975336
-1.4796755
2.0597138
-5.4734697
-5.7883797
0.69879866
-3.920731
3.8362432
-5.8610497
3.4677117
-2.6732652
2.6245255
-0.8414412
-1.7311679
-0.28960755
0.48454264
-1.7979838
-6.0785546
1.3094699
4.7535634
3.5069842
-5.0394344
-8.447553
8.025701
4.1808157
5.66691
-1.5586561
-4.1816792
-5.2768726
4.055381
-0.91251814
-5.3686466
