3.1377027
2.966932
5.786626
-2.4786963
-2.9578953
-1.2070631
-2.6704805
3.147327
5.1262884
-0.44232216
2.0580533
3.0453658
4.063741
-1.445442
-1.0020796
0.06438855
4.0456357
-4.5821905
-2.468172
-6.7548943
-4.067397
0.2845204
-6.80328
-4.5685205
-1.1480194
4.1527452
-6.1242604
-2.877642
3.7591631
-1.9437615
-0.74487394
5.7294006
2.084837
-1.3003192
1.9879689
-5.1254587
-5.513994
0.5164061
-3.5568168
3.6130388
-5.459636
3.4201918
-2.4794483
2.515487
-0.6639652
-1.7717876
-0.06554742
0.26347038
-1.6273558
-5.767127
1.3171294
4.6977386
3.2739005
-4.871715
-7.720783
7.6772294
3.8548753
5.145189
-1.4493507
-4.0192814
-4.8985915
3.8312395
-0.8670456
-5.048074
