3.475752
2.837955
6.136642
-2.6962922
-3.1653662
-0.9375085
-2.5616002
3.5127628
5.477387
-0.3816579
2.2904432
3.3288984
4.3405695
-1.4067502
-1.1227254
-0.07356128
4.3689966
-4.8274355
-2.7913077
-7.119434
-4.3807635
0.14183144
-7.3245797
-4.885853
-1.3086861
4.908138
-6.4996023
-3.2738373
4.060309
-2.263268
-0.8784297
6.0328274
2.212431
-1.5105323
2.1048148
-5.5587215
-5.8520737
0.65943754
-3.9624374
3.8568993
-5.9068913
3.4749455
-2.6773958
2.6346262
-0.8855433
-1.7431407
-0.29913482
0.53019977
-1.8435295
-6.1270266
1.3013813
4.774924
3.554946
-5.0474133
-8.548357
8.050511
4.2431974
5.7933726
-1.5718045
-4.225172
-5.3741527
4.0843377
-0.91068476
-5.445802
