-1.7716442
-1.1529543
-1.9918809
1.1283386
-0.35114023
0.82943696
1.2422926
0.2814615
-0.3922767
0.4486653
1.857245
0.17578039
-0.45694265
0.4844494
1.6306758
-0.31933877
0.27369082
0.7587341
-0.09409042
0.9752107
0.59264934
0.05684989
0.33266884
-0.53083295
0.1212122
-0.9480807
2.4949923
0.8445243
0.6398881
0.0021882849
0.7106022
-0.7682537
-0.2511783
2.239603
-1.2032194
-0.40213344
-0.008056835
-1.5149732
0.44543782
-0.28642693
0.36992663
-0.47852376
-0.9571677
-0.37900585
0.5152124
0.7322809
-0.23525351
-1.147234
-0.15188171
0.44833776
-1.6835551
-0.284087
-0.13650577
-0.91702753
-1.1213855
0.4298058
-0.5386729
-2.318325
0.87144315
-1.5401808
1.5011052
-0.5162604
-0.36217406
-1.6899592
