3.968337
2.5425878
6.5726967
-2.9912436
-3.5380652
-0.5371862
-2.4756644
3.909971
5.843355
-0.23855893
2.557316
3.6977975
4.702902
-1.0814745
-1.3131868
-0.13986503
4.8664536
-5.1914134
-3.4591014
-7.7193074
-4.803374
-0.09021656
-7.721301
-5.316084
-1.4364558
5.916293
-7.0864244
-3.6818829
4.426187
-2.523138
-1.0858705
6.300481
2.5264788
-1.7672023
2.070956
-5.888681
-6.277455
0.4229874
-4.624799
4.1080117
-6.3700557
3.684002
-2.8922188
2.691631
-1.0927856
-1.6309092
-0.6560888
0.85076565
-2.1823359
-6.5943117
1.0778289
4.9672375
4.0655327
-5.3350334
-9.438185
8.55661
4.6999335
6.6502438
-1.7299691
-4.421739
-6.066997
4.406626
-0.9225554
-6.0221314
