3.6473813
2.6847708
6.3610196
-2.7993565
-3.3522928
-0.802434
-2.5379407
3.6412613
5.6571827
-0.31225643
2.4183447
3.469402
4.477076
-1.2621039
-1.2128986
-0.13310064
4.621152
-4.948155
-3.0832615
-7.373401
-4.5604825
2.9954099e-05
-7.5821776
-5.0853624
-1.3528764
5.3107524
-6.791804
-3.45084
4.2634377
-2.3157773
-0.9487303
6.1107187
2.2855709
-1.6167431
2.1083794
-5.6926374
-6.141722
0.57543606
-4.2889566
4.000215
-6.119792
3.5330458
-2.791863
2.6620607
-0.9408295
-1.7709925
-0.42301866
0.7219654
-1.9961993
-6.324253
1.2212942
4.8494635
3.8485608
-5.1551466
-8.855991
8.338392
4.4651613
6.1549764
-1.6020641
-4.2713065
-5.6643457
4.252642
-0.94899184
-5.6802354
