3.623932
2.732125
6.286991
-2.7609694
-3.2967327
-0.8365566
-2.5410843
3.6203103
5.6065493
-0.31838527
2.3769014
3.4592354
4.4688945
-1.2752085
-1.1955861
-0.13517164
4.5525093
-4.911367
-3.011139
-7.3063273
-4.5218334
0.06113159
-7.5333033
-5.017589
-1.3339794
5.233598
-6.729912
-3.3958104
4.221255
-2.30633
-0.9327239
6.0933714
2.2597852
-1.6148591
2.1104522
-5.666779
-6.0989194
0.581107
-4.196941
3.9987335
-6.066451
3.5325987
-2.7630198
2.6515093
-0.92958087
-1.7433974
-0.4060314
0.6792767
-1.9475543
-6.2416506
1.2709416
4.844252
3.8071184
-5.1062436
-8.794394
8.278065
4.437515
6.079803
-1.5952803
-4.2440734
-5.5597696
4.2076893
-0.92512536
-5.638897
