3.7585979
2.609303
6.488308
-2.88657
-3.413025
-0.69562966
-2.5051327
3.7347662
5.705394
-0.25866392
2.4609368
3.567175
4.580604
-1.2016027
-1.2482294
-0.15125059
4.695351
-5.041996
-3.2102866
-7.4861755
-4.655262
-0.055840157
-7.664353
-5.2440352
-1.3898844
5.5643444
-6.9116516
-3.5330343
4.323184
-2.4043775
-0.9914801
6.206913
2.369651
-1.7362195
2.1055925
-5.779222
-6.1919684
0.5571191
-4.422982
4.074592
-6.2245474
3.5976899
-2.8422203
2.6994576
-0.9578729
-1.7104197
-0.49638385
0.74855644
-2.0853221
-6.445435
1.1624498
4.8709183
3.9527845
-5.224219
-9.092111
8.431366
4.5695996
6.334687
-1.6462333
-4.304889
-5.838478
4.3149605
-0.9368752
-5.8073683
