0.45688626
1.5497102
2.8623893
-1.2424808
-0.9779661
-1.2156045
0.57759285
1.5876496
0.94093436
-0.9812453
1.452162
0.67368025
0.9241636
-0.4565693
-0.6364684
1.4008487
2.3105512
-1.3063316
-0.33200794
-0.8370046
-1.1479484
1.7016723
-1.001446
-0.067687586
0.7195535
0.7333161
0.30798477
-0.8473093
0.61479664
-0.3408884
-0.1677159
2.2537901
0.9832979
1.6470984
-0.84159833
-0.41220614
-1.6606588
0.6165587
-2.0008907
-0.6029604
-1.1955429
1.6939197
-0.15533626
0.72354656
-0.81109875
0.023266144
-0.1488694
-0.9563696
0.15187143
-1.4010303
-0.51679796
0.7054379
0.28705975
-1.3463285
-0.82070726
0.02233478
0.64816934
3.1950476
-0.5851051
-0.59162724
-0.17865105
1.2124996
-1.5866247
-0.93235284
