0.40974528
1.5249838
2.8612337
-1.1925857
-0.98871356
-1.1650519
0.5656933
1.518634
0.9760873
-0.86636627
1.472217
0.57370716
0.9474833
-0.4382343
-0.6283441
1.3742111
2.2725148
-1.2693568
-0.40643233
-0.80636835
-1.1074879
1.6499864
-0.9928164
0.00057029823
0.7702451
0.70202696
0.35048094
-0.8646719
0.559493
-0.3649629
-0.1546232
2.1395588
0.91623926
1.6973997
-0.805722
-0.3711727
-1.574572
0.60827434
-2.003424
-0.6547051
-1.1400653
1.6588213
-0.15272492
0.73306537
-0.81695324
0.031272553
-0.08229219
-0.94567335
0.16066699
-1.3985642
-0.5737896
0.6400443
0.23590602
-1.2609959
-0.7308256
0.037284948
0.6360029
3.1603532
-0.57099605
-0.58978766
-0.19065647
1.166662
-1.5752158
-0.86005676
