-1.3189361
-1.2323234
-2.4566941
1.4015204
-0.22405076
0.5321797
1.4458681
0.47100347
0.030377831
0.6493648
2.058401
0.3005767
-0.59989494
0.19573973
1.7426448
-0.4228615
0.41533843
0.46555695
-0.11863688
0.49917328
0.34400705
0.16714086
0.1258613
-0.55209327
0.222565
-1.1647449
2.8355618
0.9486968
0.8933894
-0.02255322
0.36358604
-0.7040625
-0.15561189
2.7795076
-1.4533837
-0.7403846
0.026230834
-1.7158302
0.31682387
-0.37016016
0.591573
-0.8204205
-0.7552114
-0.4173416
0.38251662
1.1829567
0.26807716
-0.80222625
-0.34782743
0.38779107
-1.8474653
-0.6872943
0.01945169
-0.77153325
-1.550652
0.15739658
-1.1561109
-2.573143
1.287196
-1.9998258
1.7190466
-0.747996
-0.80189085
-1.7615536
