-1.4104896
-1.1751564
-2.3875303
1.3557253
-0.27647287
0.58813196
1.3879422
0.4825096
-0.029532826
0.5914645
2.015142
0.304459
-0.5796907
0.31715003
1.7063788
-0.40300757
0.44495237
0.50202954
-0.122415096
0.5990478
0.4233509
0.13424872
0.19083807
-0.54525304
0.20711428
-1.1483128
2.7671914
0.9152091
0.8608178
0.012352537
0.44617483
-0.67559934
-0.21465532
2.6586463
-1.4236693
-0.65125906
0.043829482
-1.6342002
0.35725343
-0.32548428
0.4869109
-0.72866684
-0.7564354
-0.4026812
0.39906308
1.0951356
0.20158796
-0.8105258
-0.32669845
0.39956665
-1.8254391
-0.62923896
0.019794783
-0.75465304
-1.4717625
0.17479683
-1.0319545
-2.5519764
1.2112738
-1.8800335
1.7508582
-0.69179326
-0.7649853
-1.763329
