0.41087866
1.7043544
2.915894
-1.3392355
-0.95582336
-1.2823166
0.67582226
1.9415998
0.8780418
-1.1173397
1.31598
0.91469085
0.8023478
-0.6151818
-0.6510413
1.5267769
2.1365297
-1.3190074
-0.2891999
-0.8705071
-1.229029
1.694311
-1.2375501
-0.22015423
0.53620803
0.7809841
0.20558217
-0.89802665
0.85255873
-0.20495625
-0.11803317
2.4776459
1.0914437
1.4074267
-0.8551762
-0.44169688
-2.0273907
0.6615691
-1.9356171
-0.39631134
-1.3092356
1.6433724
-0.20237748
0.69409245
-0.6628629
-0.021720273
-0.3361311
-1.0332065
-0.046971895
-1.3322121
-0.34498352
1.0321611
0.5010467
-1.5457671
-0.9151211
0.20818228
0.7940013
3.3984096
-0.54954594
-0.67511
-0.07048992
1.4419441
-1.6787496
-1.106792
