-1.2037747
-1.3051444
-2.693485
1.4862963
-0.19017744
0.33059406
1.58685
0.44193974
0.1523631
0.78705215
2.1521049
0.29128912
-0.6171564
0.04680754
1.8397874
-0.43464535
0.3667832
0.37711775
-0.057275906
0.5200126
0.23572561
0.23083681
-0.04344691
-0.48621553
0.28521195
-1.1135368
3.0280936
1.040779
0.8408129
-0.007688992
0.2379848
-0.84049124
-0.06313866
3.0386753
-1.4699564
-0.82191837
0.020755483
-1.9552647
0.3217271
-0.44387266
0.7903893
-0.9341424
-0.73591995
-0.47459012
0.32168844
1.3469696
0.40864587
-0.7567831
-0.2973981
0.30144787
-1.8845521
-0.7936309
-0.027745798
-0.71678877
-1.628893
0.18957679
-1.438504
-2.518195
1.3353032
-2.158411
1.6510704
-0.9901001
-0.8507922
-1.7264506
