-1.1490638
-1.3641367
-2.9398103
1.4482907
-0.11539334
0.040953312
1.6031176
0.44638214
0.2495858
0.8896051
2.252299
0.28112882
-0.6081815
-0.047958158
1.9684955
-0.46743733
0.35626188
0.26959327
0.10346496
0.49684557
0.13459863
0.24492653
-0.23238373
-0.40609255
0.2201256
-1.1372111
3.2341132
1.0609683
0.91132945
0.001213516
0.032462668
-1.0500511
-0.084882244
3.1712596
-1.4468051
-0.94663596
-0.006397347
-2.119865
0.382411
-0.538053
1.0443456
-1.0274042
-0.69497824
-0.53515935
0.27634594
1.3534169
0.59096843
-0.71768403
-0.20314571
0.2555056
-1.9793744
-0.9089615
-0.06483038
-0.69868076
-1.6160414
0.2067677
-1.6826416
-2.5625718
1.4204072
-2.2980795
1.6275642
-1.1794494
-0.9325115
-1.7173544
