-1.1875559
-1.3404359
-2.813353
1.4748212
-0.1701828
0.18081018
1.6270697
0.4357766
0.21260734
0.8446585
2.1975965
0.2943196
-0.6066852
0.007340594
1.9039989
-0.45244455
0.36000362
0.32165417
-0.0032239186
0.51849425
0.19516759
0.2410189
-0.14149575
-0.47225618
0.247512
-1.114315
3.1305182
1.0624558
0.86592346
0.00034360544
0.16659531
-0.9365568
-0.054774113
3.1097474
-1.4569914
-0.8779503
0.0018211312
-2.0607977
0.3456004
-0.505102
0.9081218
-0.9967465
-0.71123374
-0.49795568
0.27440494
1.3607112
0.47633103
-0.7394961
-0.24796739
0.28529176
-1.930647
-0.8441396
-0.03877704
-0.7031143
-1.6329343
0.20019782
-1.5715667
-2.5258121
1.3622345
-2.2490194
1.6305962
-1.086062
-0.8831353
-1.7181629
