0.43974885 0.7090771
-2.4898686 0.64616024
0.38984588 -0.66368985
0.18209904 -0.2857404
-1.7124969 -0.070790105
-0.22683379 1.5906979
1.110725 -1.9111269
-1.2655389 0.033365883
1.6701293 -1.0703784
-0.504928 -0.6981062
1.7999283 -0.06160158
-1.4112804 1.4856145
0.55844754 0.12956005
1.0579921 -0.4967299
0.9828479 -0.87950426
0.74241686 -0.16349201
-0.6170027 0.8517434
-0.8792268 -1.5470895
-0.8661731 -0.28704652
-0.14918263 -0.30969724
-0.22802363 -0.3122557
0.013136732 -0.37489295
-1.6300812 0.97123575
0.61491257 0.12075996
0.25313273 0.732701
-0.51642615 -0.35789022
-1.8241144 0.29820436
1.1569242 1.3716414
-0.8229766 0.46865144
0.51344186 0.17997947
0.6725663 1.0559274
-1.7438118 1.5090152
-1.0326738 0.35740155
-1.0986899 1.7254806
0.26379105 -0.09486901
-0.7450291 0.255806
-1.5172238 0.95369256
0.029343335 -0.6375412
0.15783544 0.36232919
-1.5048609 1.5280849
-0.7198704 0.4509574
-0.7176301 -0.7367261
-0.0021172098 0.0120993005
-3.0431645 -1.8239604
-1.2450007 0.88342535
1.2331991 -0.3799865
-3.3243086 -0.17142236
0.8988958 0.86444104
2.0514102 0.032125145
-2.1732152 -1.2670343
-0.26762846 -0.30218259
0.3054894 -0.7448041
-0.14456058 0.49253857
-0.28752187 -0.8455233
0.85745 0.21006258
0.93703574 -0.5945496
3.119219 1.1292143
0.63126254 -1.1968985
-1.3360283 -0.68126804
-0.21842146 -1.4051075
-0.24954034 -0.07848395
0.9474341 0.9458778
-0.014924421 -1.9902676
-1.4347093 0.5584755
