-3.8664982 4.6937795
2.9876206 -3.5747948
2.1447618 -2.883845
5.2455597 -3.7174811
4.3004 -4.9143353
-3.9920926 2.4576538
4.157614 -3.0878441
5.050085 -2.6318064
-5.1618676 4.920529
-4.7599597 4.0824137
-4.7193117 2.5581083
-6.1353207 4.1584053
-2.5947037 4.636333
3.4914782 -4.3161573
-5.160736 4.220439
-2.8087373 2.4885478
-4.723962 3.3712707
5.634069 -5.151191
-5.378026 6.0267677
-6.001685 7.3558617
5.3814974 -4.064301
-4.380679 5.716
-9.202868 10.903636
-1.9885111 4.2130413
5.507031 -3.9914885
-4.751562 5.1925964
-8.190001 7.6701746
3.1772351 -2.3063815
-5.462248 4.5239124
-5.0213637 2.5489795
3.9279184 -2.3303542
3.4615877 -1.6367912
4.0460887 -2.6478298
-8.884633 5.3136997
3.2263644 -3.4812057
8.2353735 -7.9350023
11.556487 -10.293086
-7.033559 8.912741
-6.1683145 3.8111563
1.2473923 -2.483088
-6.80798 3.8247237
3.271439 -4.7985063
5.6802464 -5.666522
3.173884 -4.8507347
-2.9024088 2.7002215
3.1005652 -1.8956064
4.188042 -4.4145894
-7.2740965 5.114418
6.3252845 -3.0815544
-6.201329 6.053218
2.3985438 -4.995642
3.3067546 -3.4716163
3.7926013 -3.4282982
-5.337121 7.2610555
6.48416 -8.045592
-4.205606 5.469079
3.2063165 -1.9893888
3.646508 -4.663651
3.3100088 -4.381848
4.814094 -4.4467406
-10.297755 10.833005
2.659133 -2.7977548
4.2197847 -3.872404
-4.476179 4.626341
