-3.3907456 4.217724
2.8984306 -3.4856374
1.8241137 -2.563195
4.858669 -3.3311157
4.1245675 -4.7384973
-3.954018 2.4193766
3.837891 -2.768285
4.380864 -1.9627411
-4.8248878 4.5835056
-4.9941726 4.3166227
-4.369429 2.2079532
-5.7832084 3.8062012
-2.4377103 4.4793634
3.0590377 -3.884198
-4.689568 3.749385
-2.5169156 2.1966867
-4.495731 3.142635
6.194908 -5.712038
-4.741324 5.390056
-7.440027 8.794204
5.0531526 -3.7357924
-4.3619432 5.697255
-8.25781 9.958568
-1.9514388 4.1759753
5.342933 -3.8272283
-4.44285 4.8838344
-8.227823 7.7071395
2.9378138 -2.0670016
-4.924375 3.9860666
-4.889178 2.4165049
3.471799 -1.8742125
3.078109 -1.2533387
3.911997 -2.513702
-8.988464 5.4175196
3.2357876 -3.4906719
7.7503815 -7.4501524
10.6112385 -9.347841
-6.635525 8.514077
-5.594556 3.236937
1.1414975 -2.377123
-7.222291 4.239243
2.9108744 -4.4382143
4.7693577 -4.755643
3.1335924 -4.810657
-2.8116438 2.6094222
2.9656215 -1.7607365
3.9286394 -4.155134
-7.3216267 5.1619387
6.217257 -2.9737754
-5.586254 5.4381366
1.9693081 -4.566548
3.1473112 -3.312201
3.764763 -3.4004974
-4.845287 6.7692094
5.2458467 -6.807253
-3.7503617 5.014026
3.1750853 -1.9581645
3.3439977 -4.361415
3.3202229 -4.3920035
3.9430766 -3.5760717
-9.334871 9.87011
2.4959764 -2.6346388
3.9785168 -3.6311631
-4.0387015 4.1888375
