-3.8399825 4.6670804
3.0183673 -3.6055446
2.088966 -2.828055
5.1914105 -3.6634147
4.344997 -4.9589343
-4.0443826 2.5097482
4.0844193 -3.0147157
5.0524406 -2.63428
-5.1703053 4.9289627
-4.7474546 4.069906
-4.686894 2.5258389
-6.0298905 4.0529675
-2.6226668 4.6643414
3.514372 -4.339328
-5.128676 4.188378
-2.8007195 2.4805233
-4.6765924 3.3238795
5.5678244 -5.084947
-5.387097 6.0358357
-6.5776815 7.9318576
5.3952045 -4.0780125
-4.5051775 5.8404984
-9.016399 10.717163
-2.014079 4.238542
5.5328746 -4.0173063
-4.813695 5.2547193
-8.085449 7.5653954
3.1291916 -2.2583458
-5.410525 4.4721856
-5.142068 2.669568
3.8953943 -2.2978342
3.4501078 -1.6252556
4.093629 -2.6955307
-8.889045 5.318069
3.272233 -3.5270808
8.168574 -7.86827
11.171901 -9.908498
-7.111501 8.990063
-6.2165093 3.859257
1.2098734 -2.4454947
-6.6123824 3.6291716
3.2214043 -4.7484694
5.5702653 -5.5565414
3.1970067 -4.8738747
-2.830061 2.6278691
3.1038828 -1.8989263
4.154255 -4.380803
-7.27039 5.1107097
6.264552 -3.0210783
-6.1144857 5.966373
2.4110346 -5.008106
3.2793396 -3.4442031
3.7657273 -3.4014285
-5.4923353 7.416267
6.215856 -7.777258
-4.1806626 5.4441295
3.2502275 -2.033318
3.5892181 -4.6063294
3.2756336 -4.347393
4.8270154 -4.459663
-10.120295 10.655543
2.6350222 -2.773652
4.1197224 -3.772385
-4.3980565 4.5482183
