-3.9149194 4.7421827
2.9981823 -3.585353
2.170655 -2.9097352
5.279122 -3.7509658
4.2783694 -4.892305
-3.9766726 2.4422832
4.194289 -3.1246328
5.0687017 -2.650384
-5.199964 4.958628
-4.7742643 4.096717
-4.7340994 2.5728233
-6.211653 4.2347403
-2.5992358 4.6409574
3.4957678 -4.3204913
-5.194141 4.2538443
-2.8269885 2.5068014
-4.7283783 3.3756661
5.6018925 -5.1190143
-5.43226 6.0810018
-5.886178 7.240355
5.445775 -4.1285768
-4.3965006 5.731821
-9.50533 11.206099
-2.0019667 4.226398
5.468693 -3.9530451
-4.7401233 5.18116
-8.238172 7.7183967
3.1755083 -2.3046527
-5.483072 4.5447397
-5.004109 2.5318215
3.9472253 -2.3496594
3.4536765 -1.6288403
4.02483 -2.6265428
-8.703502 5.1322546
3.2107713 -3.465607
8.123751 -7.8232408
11.598675 -10.335274
-6.9329247 8.812126
-6.1489687 3.7916322
1.2526151 -2.488319
-6.676935 3.693612
3.2911062 -4.818307
5.6963153 -5.6825905
3.190667 -4.867363
-2.920703 2.7185187
3.1061645 -1.9011887
4.1771874 -4.403734
-7.3573794 5.197702
6.3901706 -3.1463575
-6.1979394 6.0498276
2.3501642 -4.947245
3.3205972 -3.4854562
3.7784503 -3.4141457
-5.348078 7.2720127
6.461709 -8.0229845
-4.212377 5.4758515
3.2166429 -1.9997215
3.6470704 -4.664244
3.2871714 -4.3590837
4.804558 -4.4372044
-10.365896 10.901145
2.6527283 -2.7913465
4.20351 -3.8561552
-4.532974 4.683136
