-3.8331969 4.6602154
3.0034785 -3.59066
2.0300465 -2.7691414
5.1457624 -3.617765
4.2936144 -4.9075537
-4.032584 2.497962
4.0888143 -3.0192013
4.9212284 -2.5030649
-5.1128206 4.871473
-4.8567758 4.1792264
-4.679534 2.51847
-5.936131 3.9589875
-2.5726624 4.6142926
3.4790125 -4.3040195
-5.0892406 4.1489415
-2.7664332 2.4462311
-4.662384 3.3094347
5.6060796 -5.1232047
-5.4032764 6.0520153
-6.88622 8.240861
5.4334006 -4.1162076
-4.440468 5.775789
-8.9685755 10.669341
-2.0568137 4.281228
5.63624 -4.120674
-4.846161 5.287178
-7.93664 7.4166536
3.0767324 -2.205892
-5.390632 4.452285
-5.1221385 2.649437
3.8869634 -2.2894096
3.402441 -1.5775841
4.1556864 -2.7575574
-8.9881935 5.4173913
3.286314 -3.5411696
8.011561 -7.711298
10.908161 -9.644759
-7.154884 9.033283
-6.1408415 3.7836359
1.1689445 -2.4045684
-6.673066 3.6899588
3.172973 -4.6998577
5.4573703 -5.4436483
3.1923616 -4.8691797
-2.7731535 2.5709598
3.0963306 -1.8914026
4.152129 -4.378677
-7.2695427 5.1098623
6.1896253 -2.9461973
-6.1144276 5.9663134
2.3917696 -4.988907
3.2188435 -3.3837109
3.8172786 -3.4529848
-5.4906135 7.4145427
6.0973697 -7.658773
-4.156513 5.4199753
3.2462692 -2.0293748
3.5087044 -4.5258703
3.329489 -4.4010415
4.729569 -4.362218
-10.058341 10.593587
2.6108718 -2.749505
4.0278845 -3.68056
-4.4913936 4.6415534
