-3.647859 4.474724
3.0246313 -3.6118295
1.9138227 -2.6529691
4.8116903 -3.283941
4.103689 -4.7176175
-4.097366 2.562564
3.907223 -2.8376114
4.461389 -2.0431004
-4.9510818 4.709713
-5.011026 4.3334737
-4.5244093 2.3634226
-5.7557273 3.7787602
-2.4636474 4.5054064
3.185916 -4.0110893
-4.72327 3.7829237
-2.655364 2.3351436
-4.5440006 3.191064
5.902882 -5.42001
-5.0166745 5.6654086
-7.456782 8.810821
5.220213 -3.9031436
-4.4027295 5.738046
-8.559985 10.260745
-2.0471299 4.2715554
5.5267134 -4.0110817
-4.681636 5.1226354
-7.8365645 7.3164296
3.0011752 -2.1303506
-5.0913386 4.152975
-5.01734 2.5448635
3.6223774 -2.0248368
3.228878 -1.4040426
4.1305223 -2.7323296
-8.902046 5.3312907
3.3280978 -3.5829723
8.036843 -7.7367206
10.99459 -9.731194
-6.80936 8.688099
-5.856647 3.4991555
1.1416296 -2.3771913
-7.0181684 4.0351276
3.0465457 -4.5737615
5.088971 -5.075253
3.1082969 -4.785306
-2.7977722 2.5955584
3.0745218 -1.8696759
3.9529018 -4.1793375
-7.248558 5.088874
6.0723896 -2.8289566
-5.742326 5.5942097
2.1259494 -4.7231784
3.168651 -3.3335319
3.70376 -3.3394828
-5.306014 7.2299385
5.940018 -7.5014234
-3.9330478 5.1964955
3.1976585 -1.9806713
3.4455314 -4.4629207
3.4480736 -4.519829
4.2713604 -3.9040804
-9.84816 10.383403
2.5722725 -2.7109222
3.804522 -3.457165
-4.427749 4.5779085
