-3.3677044 4.194533
2.8197398 -3.4069538
1.830966 -2.5701444
4.828882 -3.301415
4.016094 -4.6300125
-3.8054273 2.2707794
3.715725 -2.6461203
4.314394 -1.8960726
-4.701524 4.4601345
-5.0466523 4.369099
-4.288373 2.1269667
-5.7597528 3.7828205
-2.365794 4.4075036
2.9389267 -3.7640915
-4.7124887 3.7721932
-2.4830759 2.1628397
-4.391573 3.0384715
6.190517 -5.707647
-4.7015104 5.3502426
-7.5934954 8.947811
4.9493556 -3.631885
-4.3249073 5.660218
-7.8680525 9.568895
-1.8921753 4.116775
5.2798257 -3.764329
-4.410195 4.851171
-8.097082 7.576445
2.9548693 -2.0840638
-4.8391395 3.900707
-4.900759 2.428064
3.372695 -1.7750924
3.0212743 -1.1965364
3.8630273 -2.4647388
-8.906108 5.335221
3.1259716 -3.380862
7.63481 -7.3345823
10.510231 -9.246836
-6.6317716 8.5100975
-5.51626 3.1585803
1.146883 -2.3824763
-7.0970545 4.1140037
2.7618196 -4.2892785
4.711846 -4.698132
3.121365 -4.7984896
-2.7863357 2.5841095
2.906811 -1.7019396
3.8113337 -4.037952
-7.1758237 5.0161324
6.256518 -3.0131476
-5.6161036 5.4679866
1.9174789 -4.5146756
3.0261004 -3.190997
3.8704088 -3.50615
-5.016212 6.940131
5.0490513 -6.6104555
-3.6648047 4.9283395
3.114394 -1.8976084
3.2705975 -4.287952
3.1830554 -4.254819
4.012196 -3.6451948
-9.326216 9.861451
2.3845904 -2.5232613
4.074838 -3.7275474
-4.153603 4.303741
