-1.5133862 2.339881
1.8454231 -2.4326787
0.59127235 -1.330251
3.2446327 -1.7175113
2.5857186 -3.1997445
-1.9679917 0.43327987
2.3243544 -1.2548525
2.5325215 -0.11419876
-1.940694 1.6993468
-3.6866744 3.0092952
-3.0043316 0.8429306
-3.268726 1.2916895
-1.1705791 3.211741
0.8352399 -1.6603818
-3.1987882 2.2580745
-1.7738008 1.4534955
-1.9856648 0.63252485
3.2060893 -2.7229402
-2.3878913 3.0364964
-3.9959602 5.3504405
3.031734 -1.7144372
-2.2452977 3.5803103
-4.5558076 6.2566376
-0.5227173 2.7471766
3.0029871 -1.4876312
-1.7069212 2.1479857
-4.05023 3.5295095
1.587902 -0.71722627
-2.9190054 1.9806224
-3.670625 1.1978313
2.258646 -0.661358
2.291378 -0.46665335
2.5904858 -1.192309
-5.055588 1.4846879
1.1373276 -1.392287
3.5995805 -3.2994347
6.3133965 -5.049812
-2.0895805 3.9678278
-3.623905 1.2658532
0.40483284 -1.6404499
-4.271049 1.287921
0.48275164 -2.0103397
2.1105204 -2.0968218
1.0960609 -2.7733572
-1.5381227 1.3358868
2.104207 -0.8997654
1.7202312 -1.9468167
-4.478964 2.318992
4.7564416 -1.5127449
-3.0391018 2.8910964
0.8107383 -3.4078732
1.8704976 -2.035477
1.7880608 -1.4238683
-2.0806408 4.0045815
3.1175814 -4.67879
-1.1435745 2.407031
2.139823 -0.9230662
1.1472188 -2.1644986
1.3960626 -2.4674432
2.572844 -2.2058616
-6.0015273 6.5369782
1.3095253 -1.4482079
2.3298826 -1.9826325
-2.687213 2.8372183
