-3.2872012 4.1139083
2.7796268 -3.3668456
1.8143284 -2.5534742
4.791292 -3.2639546
4.0234303 -4.6373353
-3.6262658 2.0916128
3.6315694 -2.561967
4.188162 -1.7699097
-4.6457653 4.4043713
-5.1868405 4.5092874
-4.105498 1.9441038
-5.7013144 3.7243469
-2.2765205 4.3182387
2.871167 -3.6963365
-4.789295 3.8490026
-2.5069382 2.1867
-4.321791 2.9686842
6.131665 -5.648795
-4.5980344 5.246763
-7.9045696 9.258522
4.963781 -3.6463876
-4.1439676 5.4792767
-7.6821303 9.382951
-1.8354723 4.0599737
5.37782 -3.8623884
-4.322929 4.763899
-7.6130285 7.0923553
2.9233007 -2.0525007
-4.7109528 3.7726688
-4.946127 2.4733427
3.320033 -1.7224923
3.0043597 -1.1795646
3.8966744 -2.4983935
-8.714128 5.143335
3.0095465 -3.2644434
7.249286 -6.949059
10.298131 -9.034736
-6.426328 8.304183
-5.4164424 3.0587518
1.1109859 -2.3465638
-6.9700766 3.9870765
2.5219967 -4.0494313
4.557237 -4.543524
3.0372436 -4.714574
-2.7081926 2.5059602
2.8681924 -1.6634563
3.7089043 -3.935467
-7.1916013 5.03191
6.278926 -3.0355148
-5.31502 5.166901
1.8975899 -4.4947343
2.9607258 -3.125627
3.8851793 -3.5209248
-5.0548954 6.978813
5.4478726 -7.009276
-3.5551786 4.818659
3.0323288 -1.8156093
3.1184263 -4.135808
3.1025326 -4.17422
3.9477537 -3.580761
-9.286045 9.82128
2.2581463 -2.3968225
3.9955215 -3.6484036
-4.228213 4.378348
