-3.8531258 4.6802025
2.9571855 -3.5443604
2.1271029 -2.8661885
5.2201653 -3.6919549
4.335502 -4.9494386
-4.0077243 2.4731262
4.1560335 -3.0863528
5.045047 -2.6267889
-5.174489 4.9331484
-4.7586637 4.081117
-4.6939282 2.532869
-6.087271 4.110352
-2.6129475 4.654654
3.5088649 -4.333792
-5.1557293 4.215432
-2.773562 2.4533696
-4.68434 3.3316326
5.6001253 -5.1172485
-5.310281 5.959021
-6.298075 7.652251
5.47443 -4.1572366
-4.428213 5.763534
-9.167399 10.868166
-2.0119176 4.236449
5.5040154 -3.9884229
-4.7948284 5.2358594
-8.232377 7.7125897
3.1553442 -2.2844942
-5.4396973 4.501359
-5.0762887 2.6038635
3.9104598 -2.3128982
3.4404578 -1.615636
4.0579457 -2.6596584
-8.959812 5.3888373
3.2669473 -3.5217915
8.137998 -7.8377485
11.446086 -10.182684
-7.033008 8.911883
-6.254714 3.897429
1.2317587 -2.467412
-6.709849 3.7265718
3.2604163 -4.787436
5.6576924 -5.643968
3.187612 -4.8644524
-2.8677063 2.6655161
3.110759 -1.9057946
4.165091 -4.3916388
-7.227718 5.0680385
6.28258 -3.038985
-6.0956125 5.9475017
2.4424696 -5.0395637
3.3101382 -3.4749994
3.7752738 -3.4109726
-5.3516607 7.2755938
6.364849 -7.9262505
-4.1913886 5.4548583
3.2320697 -2.015164
3.5967453 -4.6138873
3.2766247 -4.3484073
4.8696194 -4.502267
-10.31759 10.852838
2.6369188 -2.7755451
4.1837506 -3.8363886
-4.4846845 4.634846
