-3.6833751 4.5101914
3.0091817 -3.5963743
1.9412924 -2.6804318
4.8172135 -3.2893982
4.0990787 -4.712998
-4.0919785 2.557166
3.9582798 -2.8886683
4.5388436 -2.1205664
-5.001204 4.7598376
-5.053902 4.37635
-4.546112 2.3850965
-5.7601156 3.7830107
-2.4488351 4.490494
3.2086537 -4.033759
-4.801479 3.8611681
-2.6422734 2.3220575
-4.538287 3.185351
5.800892 -5.3180194
-5.126719 5.775452
-7.553566 8.907629
5.3066945 -3.9896197
-4.350162 5.6854787
-8.458179 10.15894
-2.030421 4.2548704
5.6116023 -4.096
-4.7593164 5.2003183
-7.829512 7.3093786
3.0039046 -2.1330767
-5.1282344 4.1898727
-5.0679035 2.5953481
3.7103417 -2.1128001
3.2632098 -1.4383087
4.182966 -2.7846854
-8.686896 5.1160226
3.3380616 -3.5929327
7.886954 -7.5868044
10.864616 -9.60122
-6.8035045 8.68202
-5.829586 3.4721386
1.186029 -2.4215858
-6.896226 3.9131546
3.0593953 -4.5865326
5.125731 -5.1120124
3.1034386 -4.7804246
-2.7760398 2.5738308
3.088204 -1.883341
3.9576907 -4.184123
-7.189948 5.030265
6.038748 -2.7952762
-5.8252597 5.6771436
2.2244346 -4.821656
3.156836 -3.321714
3.6911366 -3.3268564
-5.3598113 7.283736
6.069749 -7.631154
-4.000538 5.2639904
3.1917088 -1.9747692
3.4920683 -4.5095105
3.4308472 -4.5025234
4.4064946 -4.0391426
-9.952219 10.487463
2.5653124 -2.703958
3.8536754 -3.5063183
-4.457552 4.607711
