-3.3777704 4.204676
2.8677614 -3.4549708
1.8330114 -2.5722027
4.8520093 -3.324511
4.0761704 -4.690103
-3.888864 2.3542194
3.7774348 -2.707829
4.3487024 -1.930482
-4.7678237 4.5264397
-5.074434 4.3968825
-4.336591 2.1750302
-5.7824006 3.805474
-2.4141302 4.455798
3.0000052 -3.825168
-4.7505665 3.8102834
-2.4981718 2.17794
-4.4474435 3.0943856
6.1856766 -5.7028074
-4.752718 5.40145
-7.463108 8.817626
4.9822693 -3.6648164
-4.3129573 5.648268
-8.0606785 9.761436
-1.9346149 4.1591907
5.2291946 -3.713478
-4.423389 4.8643675
-8.346818 7.826279
2.9707057 -2.0998967
-4.9008555 3.9624367
-4.8482504 2.37558
3.415452 -1.8178141
3.0392163 -1.2144787
3.872104 -2.4738114
-8.9800205 5.409148
3.1601338 -3.4150226
7.6745687 -7.3743405
10.690341 -9.426945
-6.661306 8.539729
-5.586397 3.2286448
1.1430539 -2.3786516
-7.1606154 4.1775656
2.853761 -4.3811574
4.7148824 -4.7011676
3.1359286 -4.8129544
-2.8013785 2.5991554
2.9647467 -1.7598598
3.8269577 -4.053572
-7.2523794 5.0926895
6.2542996 -3.0108237
-5.6505694 5.5024514
1.9192626 -4.516514
3.0903041 -3.2551966
3.8111365 -3.4468744
-4.9343104 6.8582296
5.0195584 -6.580964
-3.7163837 4.9799924
3.1297255 -1.9129022
3.3236349 -4.3409796
3.233021 -4.3046846
3.9948413 -3.6278367
-9.336597 9.871834
2.42371 -2.562377
4.032665 -3.6853316
-4.0566654 4.2068043
