-3.8563335 4.6834016
3.0110466 -3.5982263
2.0624437 -2.801536
5.1079845 -3.579945
4.3275685 -4.941507
-4.033154 2.4985158
4.0857806 -3.016034
4.970588 -2.552431
-5.1508813 4.9095373
-4.8007717 4.1232224
-4.6700606 2.5089746
-5.9695716 3.9926286
-2.5889773 4.6306915
3.492271 -4.3173566
-5.121518 4.18122
-2.7796996 2.4595003
-4.6614447 3.3086302
5.5986924 -5.115817
-5.3913436 6.040082
-6.793929 8.148056
5.4098115 -4.092618
-4.5217795 5.8571
-9.108293 10.809058
-2.00818 4.2326546
5.6448054 -4.129238
-4.8220444 5.2630644
-8.018203 7.498286
3.1127052 -2.2418637
-5.39806 4.459714
-5.040635 2.5679867
3.905834 -2.3082767
3.4459786 -1.6211122
4.136129 -2.7380867
-8.932611 5.3619184
3.2770443 -3.5318973
8.11529 -7.815003
11.063293 -9.7998905
-7.1663427 9.044822
-6.177219 3.8199399
1.2012404 -2.4368558
-6.6275034 3.644393
3.2193928 -4.7464237
5.5854216 -5.5717
3.175547 -4.8523817
-2.8215199 2.619327
3.1075637 -1.9026401
4.128766 -4.355314
-7.2434344 5.0837545
6.217768 -2.9741545
-6.122686 5.974572
2.4096274 -5.0066857
3.2726436 -3.4375088
3.777338 -3.413042
-5.443886 7.367816
6.2795057 -7.840908
-4.1545324 5.417997
3.2419403 -2.02503
3.55513 -4.572258
3.2974687 -4.3691187
4.74319 -4.3758383
-10.095507 10.630754
2.6293452 -2.7679772
4.0498295 -3.7025514
-4.521823 4.6719847
