-3.3139672 4.1406736
2.7870748 -3.374292
1.7895995 -2.5287802
4.8072853 -3.2798572
3.9877927 -4.6017036
-3.7149837 2.1803334
3.6793451 -2.6097407
4.2444277 -1.8261683
-4.671791 4.430401
-5.141782 4.4642286
-4.181994 2.0206175
-5.748369 3.7714157
-2.328821 4.3705683
2.9041343 -3.7293017
-4.7026653 3.7622743
-2.484823 2.1645863
-4.343393 2.99026
6.176176 -5.6933064
-4.6020193 5.25075
-7.760965 9.115098
4.9785 -3.6610856
-4.1782804 5.51359
-7.9211187 9.621809
-1.8458108 4.070322
5.336345 -3.8208582
-4.378076 4.819049
-7.9546328 7.4339585
2.9419327 -2.071129
-4.7843986 3.8460612
-4.9522996 2.4795697
3.337318 -1.7397498
3.0164623 -1.1916723
3.8700852 -2.4718008
-8.906991 5.3361087
3.0659337 -3.3208277
7.389186 -7.088958
10.481346 -9.217951
-6.7022853 8.580395
-5.4205403 3.062828
1.1356529 -2.3712606
-7.035 4.051964
2.6297462 -4.157251
4.5837297 -4.570017
3.0925636 -4.7698445
-2.7185752 2.5163455
2.9087799 -1.7039515
3.70075 -3.9273121
-7.233489 5.0737967
6.3082366 -3.0648472
-5.537942 5.3898225
1.8969237 -4.494188
2.978191 -3.1430898
3.872237 -3.507982
-5.0434318 6.96735
5.232543 -6.7939467
-3.599804 4.8632646
3.077103 -1.8603357
3.2120912 -4.229434
3.1299317 -4.201569
4.0033536 -3.6363697
-9.215386 9.750621
2.3273091 -2.4659834
4.040027 -3.6928706
-4.204842 4.354979
