-1.0905054 1.917041
1.480137 -2.067407
0.23834333 -0.9773277
2.9414997 -1.414414
1.9737172 -2.5877445
-1.7389641 0.20425804
2.177624 -1.1080734
2.2226286 0.19570704
-1.3344152 1.0930635
-3.2773702 2.5999897
-2.6405387 0.47920355
-2.9970381 1.020045
-0.86093426 2.9021466
0.5102282 -1.3353908
-2.6161265 1.6754426
-1.683717 1.363406
-1.6716578 0.31851226
2.7763042 -2.2931561
-1.8953203 2.5439003
-2.6002502 3.9547014
2.85926 -1.542044
-1.9080486 3.2430508
-3.4611456 5.1619797
-0.19464538 2.419045
2.544831 -1.0294565
-1.5494167 1.9904578
-3.0192144 2.498477
1.4121004 -0.5414455
-2.4523754 1.5139469
-3.2838323 0.8110312
2.1455514 -0.5482468
2.1423466 -0.31762722
2.5611384 -1.1629587
-4.3405156 0.7696034
0.6388504 -0.89383143
2.7895598 -2.4894152
5.364041 -4.1004567
-1.9564794 3.8347003
-3.4453485 1.0872446
0.46997547 -1.70559
-4.135229 1.1521367
-0.10142004 -1.4261829
2.0298574 -2.0161648
0.8086323 -2.485895
-1.4042284 1.2019867
1.958264 -0.75383866
1.3495009 -1.576088
-3.8962164 1.7361286
4.747834 -1.5041665
-2.7140093 2.5660012
0.43644083 -3.0335224
1.9267421 -2.0916986
1.4812382 -1.1170499
-1.8834909 3.8074217
2.4841857 -4.0454316
-0.6492762 1.9127651
1.8606418 -0.64386755
0.68806183 -1.705381
1.3455498 -2.4169178
2.151314 -1.7843724
-4.4284024 4.9638534
1.1390972 -1.2777857
2.0162992 -1.6690284
-2.1450198 2.2950242
