-3.7031147 4.5298676
3.0068974 -3.5940847
1.9738607 -2.71296
4.897257 -3.369406
4.0635543 -4.677452
-4.0620995 2.5272298
3.9134533 -2.8438413
4.5767384 -2.1585999
-5.020836 4.779473
-5.06353 4.3859797
-4.561067 2.4000857
-5.782367 3.8052227
-2.4353034 4.47695
3.2869794 -4.111954
-4.8452735 3.904951
-2.677404 2.3571904
-4.5355597 3.1825361
5.744134 -5.26126
-5.2368546 5.885588
-7.368892 8.723111
5.3474855 -4.030326
-4.418608 5.7539268
-8.4716835 10.172445
-2.0115905 4.236105
5.4799356 -3.964365
-4.814895 5.2559013
-7.822622 7.30249
3.0314572 -2.1606262
-5.20062 4.26226
-5.128443 2.6559055
3.74914 -2.151596
3.309595 -1.4847385
4.165863 -2.7675767
-8.790098 5.2191553
3.3126411 -3.56751
7.967228 -7.667092
10.811189 -9.547792
-6.764235 8.642711
-5.8583436 3.5009902
1.1603456 -2.3959284
-6.9067416 3.9237306
3.0793564 -4.6064234
5.1727467 -5.159027
3.139295 -4.816291
-2.7500238 2.5478175
3.132715 -1.9278346
3.9535062 -4.1799564
-7.181132 5.0214496
6.107515 -2.8640888
-5.8874836 5.7393675
2.2620723 -4.8592367
3.1516454 -3.3165214
3.7000632 -3.3357813
-5.56441 7.4883356
6.116481 -7.6778855
-4.0558534 5.319305
3.2039425 -1.9870414
3.505291 -4.522721
3.3980963 -4.4697714
4.4872866 -4.119935
-10.064279 10.5995245
2.5275843 -2.666227
3.878123 -3.5307643
-4.5554624 4.7056217
