-3.732183 4.5589952
3.043897 -3.6310809
2.00771 -2.746798
4.9938984 -3.465926
4.189544 -4.803485
-4.0384264 2.503736
3.9481578 -2.8785384
4.764986 -2.3467164
-5.0753217 4.833964
-4.9196296 4.24208
-4.604066 2.4429638
-5.855458 3.87836
-2.4963155 4.537911
3.3837924 -4.208775
-4.946309 4.006027
-2.7203283 2.4001226
-4.601692 3.2486491
5.623356 -5.1404786
-5.317587 5.9663234
-7.008872 8.36324
5.379829 -4.0626454
-4.520025 5.8553433
-8.531382 10.232146
-2.0290563 4.2535377
5.6242595 -4.108695
-4.893182 5.3341947
-8.004882 7.4847584
2.9948647 -2.1240277
-5.30292 4.3645654
-5.137396 2.664831
3.8335452 -2.2359967
3.356515 -1.5316832
4.147934 -2.7496638
-8.891089 5.3203287
3.3158042 -3.570668
8.024555 -7.7244296
10.778005 -9.514606
-7.099668 8.978169
-5.9730144 3.6156304
1.1562045 -2.391816
-6.7551813 3.772213
3.1093621 -4.6363106
5.2753673 -5.261645
3.1571558 -4.8340034
-2.7734509 2.5712519
3.107199 -1.902347
4.019541 -4.2460647
-7.253956 5.094274
6.1688027 -2.9253535
-5.9813185 5.8332033
2.3616917 -4.9588327
3.180936 -3.3458083
3.7777152 -3.413426
-5.503563 7.4274898
6.0973377 -7.658743
-4.1311026 5.394559
3.2123938 -1.9954364
3.4900281 -4.5073767
3.3656867 -4.4372597
4.575119 -4.207769
-10.131969 10.667215
2.5897822 -2.7284193
3.9420812 -3.5947435
-4.4713764 4.6215343
