-3.6112928 4.438131
3.039037 -3.626236
1.87447 -2.613587
4.8430653 -3.3153903
4.0586452 -4.672576
-4.1112947 2.5765004
3.8732986 -2.8036876
4.446937 -2.0286527
-4.903703 4.662331
-4.970822 4.2932696
-4.4819546 2.3208537
-5.729462 3.752561
-2.4127188 4.4544187
3.1365635 -3.9617133
-4.6610837 3.7207925
-2.6458077 2.3255854
-4.531519 3.1784892
5.9735537 -5.4906816
-4.907567 5.556301
-7.5467668 8.900893
5.225737 -3.9086096
-4.4518733 5.78719
-8.559113 10.259872
-2.0341098 4.258512
5.4699802 -3.9543612
-4.590716 5.0317154
-7.8127937 7.292659
3.0036712 -2.1328485
-5.049237 4.110869
-4.98533 2.512774
3.545817 -1.9482874
3.173634 -1.3488139
4.068241 -2.6699815
-8.974007 5.403153
3.3421652 -3.5970414
8.058318 -7.758293
10.940037 -9.676641
-6.8661966 8.744881
-5.778737 3.4213161
1.1442869 -2.379832
-7.1817365 4.1986914
3.0133622 -4.5405874
4.957506 -4.943788
3.1479661 -4.8250475
-2.7820585 2.5798435
3.0599594 -1.8551183
3.9627943 -4.1893125
-7.278062 5.1183777
6.1167507 -2.8732045
-5.7519665 5.6038504
2.1499777 -4.7471957
3.1975598 -3.3624444
3.7024462 -3.338173
-5.1285505 7.0524735
5.7273664 -7.288772
-3.85623 5.119718
3.240049 -2.0230856
3.4262466 -4.443656
3.4587238 -4.5304246
4.1924872 -3.8253448
-9.556077 10.091319
2.602596 -2.7412488
3.7997324 -3.4523768
-4.324202 4.4743605
