-3.4774454 4.30438
2.957564 -3.5447674
1.851698 -2.5907838
4.8319693 -3.3043966
4.0479665 -4.661895
-4.034113 2.4994686
3.8751218 -2.8055131
4.387527 -1.9693081
-4.8499365 4.6085567
-5.0607705 4.38322
-4.3987713 2.2374003
-5.772 3.7949905
-2.4189193 4.4606423
3.1095572 -3.9347134
-4.7025986 3.7622166
-2.5745525 2.2543268
-4.504515 3.1514158
6.14083 -5.65796
-4.8420043 5.4907374
-7.5313296 8.885164
5.1606016 -3.843349
-4.375308 5.710622
-8.522887 10.223645
-1.9849442 4.209343
5.366224 -3.8506052
-4.4507303 4.891721
-8.058762 7.538455
2.9661598 -2.095345
-4.961506 4.0231333
-4.9481726 2.4754703
3.477822 -1.8802687
3.0933867 -1.2686259
3.938087 -2.5397887
-9.021256 5.45027
3.2879179 -3.5427988
7.794701 -7.4944715
10.798699 -9.535304
-6.5773983 8.4560375
-5.65662 3.2990003
1.136772 -2.3723903
-7.222714 4.2396665
2.9373784 -4.4646726
4.7908025 -4.7770867
3.1257982 -4.8027225
-2.7842288 2.5820081
3.0017242 -1.7968291
3.991616 -4.218119
-7.3335676 5.173882
6.210293 -2.9667253
-5.6468487 5.4987307
1.9886583 -4.5858
3.1610434 -3.3259313
3.7334898 -3.3692205
-4.894703 6.818626
5.4850492 -7.0464563
-3.7737098 5.0373106
3.188613 -1.9716452
3.3675787 -4.3850503
3.388849 -4.46067
3.9900222 -3.6230364
-9.355722 9.890963
2.5450287 -2.6836882
3.909072 -3.561717
-4.1113586 4.2615166
