-3.5637429 4.390714
3.0306942 -3.617895
1.8675156 -2.6066048
4.817672 -3.2900698
4.0885878 -4.7025137
-4.1000223 2.5652866
3.8773844 -2.8077743
4.4131527 -1.9949197
-4.8638964 4.6225204
-5.0641026 4.386551
-4.439955 2.2786841
-5.752894 3.7759771
-2.3964856 4.4381237
3.1236658 -3.9488187
-4.648665 3.7083097
-2.6290033 2.3087792
-4.5261774 3.1730542
6.0275187 -5.544647
-4.8427715 5.491504
-7.5731153 8.926996
5.2087045 -3.8916194
-4.4288225 5.7641373
-8.626633 10.327391
-2.0047245 4.2291894
5.4838257 -3.9682271
-4.5270553 4.968049
-7.9391546 7.4190187
2.9890811 -2.1182623
-5.005595 4.067226
-4.9510674 2.478408
3.4979608 -1.9004711
3.1501777 -1.3254147
3.9998586 -2.6015677
-8.970221 5.3993816
3.3045318 -3.55941
7.918942 -7.618712
10.835202 -9.571807
-6.810297 8.688985
-5.743411 3.3858168
1.1250921 -2.3606162
-7.213822 4.230774
2.9991968 -4.526454
4.880632 -4.866915
3.1654737 -4.842474
-2.805505 2.603286
3.045834 -1.8409728
3.9802196 -4.206727
-7.301927 5.1422415
6.1234736 -2.8798606
-5.7365103 5.5883923
2.0390425 -4.63622
3.1766124 -3.341498
3.6952827 -3.3310118
-4.979757 6.90368
5.5727415 -7.1341486
-3.8149838 5.0785403
3.193833 -1.9768565
3.3852465 -4.4026237
3.4321463 -4.5038986
3.9626453 -3.5956612
-9.58606 10.121301
2.560064 -2.6987197
3.8596961 -3.5123405
-4.2881546 4.4383125
