-3.728417 4.555165
3.0455196 -3.6327045
2.012935 -2.7520392
4.8958445 -3.367951
4.0216756 -4.6356206
-4.0524487 2.5176241
3.961524 -2.8919122
4.660958 -2.2427607
-5.0564885 4.815128
-4.9483347 4.2707853
-4.6000767 2.439053
-5.832148 3.8550181
-2.4370077 4.478658
3.3326025 -4.1575346
-4.984002 4.043712
-2.7162263 2.3960152
-4.601824 3.2487402
5.702139 -5.219263
-5.2751303 5.9238644
-7.171547 8.525773
5.340709 -4.0235214
-4.4897075 5.825026
-8.538541 10.239305
-2.0241628 4.248589
5.539462 -4.0238986
-4.854535 5.2955465
-8.03185 7.511685
2.9863987 -2.1155646
-5.25281 4.3144517
-5.122585 2.650007
3.7779722 -2.1804264
3.3369899 -1.5121483
4.1834497 -2.7851448
-8.876525 5.305756
3.3084893 -3.5633547
7.9916773 -7.691408
10.875614 -9.612217
-6.86627 8.744741
-5.8617835 3.5043466
1.1473583 -2.3829572
-6.8678904 3.8848498
3.102036 -4.6290636
5.2466345 -5.232914
3.1866517 -4.863453
-2.7804058 2.5782018
3.1036644 -1.8987792
3.9496965 -4.1761756
-7.1697297 5.0100474
6.1299896 -2.8865533
-5.9182653 5.7701483
2.302339 -4.8994117
3.181994 -3.3468678
3.7266781 -3.3623936
-5.4901595 7.4140854
6.0237308 -7.5851355
-4.1142006 5.377655
3.2002254 -1.983305
3.4811943 -4.498713
3.3688824 -4.440508
4.5326304 -4.165279
-10.21467 10.749916
2.5305803 -2.66922
3.9424016 -3.595043
-4.600706 4.7508645
