-3.7939193 4.6209226
3.0262203 -3.6134033
2.017173 -2.7562714
5.0131907 -3.4852917
4.171858 -4.785797
-4.0453987 2.5108395
4.0251083 -2.9554715
4.850458 -2.4322207
-5.0912695 4.849916
-4.8189588 4.141411
-4.651711 2.4906342
-5.886526 3.9093447
-2.5302079 4.5717874
3.4295814 -4.254643
-5.088909 4.1486087
-2.756753 2.4365492
-4.6255074 3.272485
5.6245475 -5.1416717
-5.400968 6.0497046
-6.8496933 8.204262
5.4763193 -4.159135
-4.462823 5.798143
-8.763025 10.46379
-2.0537114 4.278195
5.5916615 -4.076096
-4.8730574 5.3140717
-8.005033 7.485012
3.0403912 -2.169552
-5.3533444 4.414995
-5.1647835 2.6921453
3.845681 -2.2481298
3.3718393 -1.5470129
4.1674976 -2.7693436
-8.9709835 5.4002547
3.3422427 -3.597103
8.067252 -7.7670426
10.896664 -9.633265
-7.146529 9.025036
-6.027789 3.670543
1.1586267 -2.3941882
-6.6225357 3.6395748
3.141459 -4.668459
5.399017 -5.3852944
3.1523378 -4.829209
-2.7560232 2.553826
3.0994167 -1.8945032
4.047617 -4.274166
-7.248378 5.088697
6.1478925 -2.9044366
-6.0733323 5.925218
2.3815048 -4.9786515
3.1878617 -3.3527322
3.810392 -3.4461002
-5.5130105 7.436939
6.054077 -7.615481
-4.149568 5.4130273
3.2341406 -2.0172338
3.4755673 -4.4928374
3.3463442 -4.417902
4.685028 -4.3176775
-10.169811 10.705058
2.6136997 -2.7523348
4.074979 -3.7276762
-4.498593 4.6487527
