-3.9171784 4.744464
2.9704738 -3.5576394
2.211062 -2.9501371
5.2845793 -3.7563648
4.3242793 -4.938215
-3.9751205 2.4407418
4.185482 -3.1158662
5.128792 -2.7104685
-5.2280135 4.986686
-4.8554626 4.1779137
-4.705825 2.5445747
-6.2773705 4.3004646
-2.611922 4.653571
3.5026953 -4.327415
-4.9978623 4.0575657
-2.7947583 2.4745758
-4.720978 3.3683758
5.720429 -5.2375484
-5.445569 6.0943093
-5.607544 6.9617224
5.3871427 -4.069943
-4.355687 5.6910086
-9.786051 11.48682
-1.9345732 4.159057
5.414808 -3.8991942
-4.6512165 5.0922613
-8.157513 7.6376395
3.1353498 -2.2644904
-5.556923 4.618597
-4.9932737 2.5210984
3.9334989 -2.3359287
3.456159 -1.6313951
4.060536 -2.6623316
-8.630729 5.059711
3.1774793 -3.4323099
8.163393 -7.8626776
11.444676 -10.181273
-6.849649 8.728725
-6.056387 3.6990578
1.2477682 -2.4834275
-6.887458 3.9040627
3.371469 -4.8985476
5.6769567 -5.6632304
3.1558874 -4.832346
-2.939255 2.7370756
3.0943694 -1.8893367
4.1767135 -4.4032593
-7.1647487 5.005075
6.3390865 -3.0953877
-6.189037 6.0409265
2.3836796 -4.980649
3.32058 -3.4854355
3.7294183 -3.3651075
-5.3645997 7.2885356
6.724397 -8.285656
-4.202482 5.4659605
3.215656 -1.9987383
3.6540415 -4.6712184
3.267342 -4.339519
4.924953 -4.5575995
-10.284834 10.820084
2.650221 -2.788835
4.2698627 -3.9226081
-4.653575 4.803739
