-3.882861 4.7102604
2.9256582 -3.5128214
2.2239583 -2.963027
5.2754593 -3.7472587
4.3461742 -4.9601083
-3.9688199 2.4344463
4.2584023 -3.1887937
5.133254 -2.7149644
-5.2450943 5.0037737
-4.89407 4.216524
-4.715315 2.5542493
-6.2766614 4.299764
-2.6038144 4.64538
3.4896338 -4.314252
-5.1048994 4.1646047
-2.7965126 2.4763346
-4.759453 3.4066877
5.673132 -5.1902504
-5.6387377 6.2874804
-5.5108566 6.8650355
5.3783073 -4.0611067
-4.2775335 5.6128564
-10.024838 11.725606
-1.8966615 4.1213408
5.37895 -3.8634355
-4.581193 5.022243
-8.104947 7.5851765
3.141969 -2.2711022
-5.5988784 4.66056
-5.0470366 2.5750694
3.9476705 -2.3501005
3.4663045 -1.6414833
4.0324636 -2.6341863
-8.602601 5.0313025
3.1506371 -3.405463
8.139556 -7.8387084
11.392953 -10.129552
-6.773337 8.652516
-6.200635 3.8432536
1.2485703 -2.484189
-7.016431 4.0330815
3.3734748 -4.9004507
5.7235 -5.7097735
3.1702828 -4.8468
-2.9677663 2.7655942
3.0896914 -1.884731
4.2079816 -4.434526
-7.0800977 4.920427
6.4244924 -3.1806388
-6.2125278 6.0644197
2.3264515 -4.9235663
3.380058 -3.5449107
3.70201 -3.3376944
-5.6250844 7.5490203
6.7465553 -8.307794
-4.186723 5.450209
3.1900604 -1.9731265
3.6288326 -4.6460314
3.2269523 -4.29912
4.8783603 -4.511007
-10.456221 10.991471
2.6644447 -2.803053
4.316503 -3.9690807
-4.7050834 4.855248
