-3.823382 4.650908
2.8949187 -3.4820518
2.1688223 -2.9078567
5.462397 -3.9343145
4.2949986 -4.908928
-4.156441 2.622166
4.5138884 -3.4440534
4.9924097 -2.574137
-5.1056943 4.8644137
-5.0723042 4.3947663
-4.9411006 2.7802932
-6.514517 4.537656
-2.6770816 4.718849
3.596384 -4.420796
-5.113615 4.1733336
-3.0546718 2.7345324
-4.9433804 3.5906081
5.8788004 -5.395917
-5.8544674 6.503219
-6.242886 7.597072
5.3322964 -4.014936
-4.444275 5.7796087
-9.952521 11.653287
-1.8820525 4.106638
5.1810427 -3.6656926
-4.4441385 4.8852286
-7.6349463 7.115278
3.053936 -2.1830347
-5.8460884 4.9078016
-5.212052 2.7397625
4.1740036 -2.5762684
3.466498 -1.6415467
3.9135787 -2.514948
-8.404291 4.8328733
3.230384 -3.4851716
7.8089986 -7.507685
12.068015 -10.804613
-6.5907865 8.470642
-6.182871 3.8254035
1.2253048 -2.4607422
-7.5004807 4.5171347
3.409966 -4.9372926
5.8140516 -5.8003173
3.0944438 -4.770808
-2.9311903 2.7290523
3.293222 -2.0881734
4.2755227 -4.502048
-7.348276 5.188613
6.5550656 -3.3109608
-5.605169 5.457065
2.4481618 -5.045484
3.4740248 -3.6388383
3.704584 -3.3402276
-6.0846395 8.008581
7.085762 -8.646524
-3.7922697 5.055627
3.22803 -2.01107
3.8364155 -4.8532414
3.4115582 -4.4835353
4.927843 -4.5604773
-10.988643 11.523903
2.7712607 -2.909831
4.515316 -4.1678834
-5.036495 5.1866665
