-3.8048606 4.632365
2.8825085 -3.469647
2.2098267 -2.9488704
5.4322357 -3.9042017
4.289107 -4.9030366
-4.181647 2.6474993
4.513287 -3.4433835
4.9979424 -2.579641
-5.1524005 4.9111075
-5.1046867 4.42715
-4.880434 2.719603
-6.40919 4.43232
-2.6508236 4.692518
3.5720274 -4.396314
-5.0517006 4.111414
-2.986404 2.6662552
-4.836092 3.4833133
5.8556795 -5.3727956
-5.862103 6.510854
-5.944943 7.29913
5.3343625 -4.0169888
-4.2933254 5.628658
-9.988839 11.689605
-1.8175542 4.0423193
5.17307 -3.6577933
-4.3981566 4.839239
-7.483177 6.9635105
3.073665 -2.2027721
-5.832357 4.8940635
-5.120827 2.6485019
4.2175126 -2.6197903
3.4604802 -1.6354692
3.8915133 -2.492891
-8.556112 4.984706
3.2027936 -3.4575882
7.9270697 -7.625716
12.506071 -11.242666
-6.629182 8.509169
-6.2840385 3.9264672
1.2112365 -2.4467254
-7.701402 4.7180557
3.354897 -4.8821964
5.835738 -5.8220043
3.1231961 -4.7995768
-2.9263692 2.7242239
3.2355301 -2.0304775
4.2221756 -4.448704
-7.2719526 5.1122894
6.588872 -3.3448582
-5.886319 5.7382135
2.5270092 -5.124174
3.395924 -3.5607443
3.625245 -3.2608972
-5.9237304 7.847672
6.9273553 -8.488255
-3.8940985 5.157553
3.2223322 -2.0053291
3.7793899 -4.7962728
3.3873034 -4.459353
4.781546 -4.4141836
-10.849477 11.384736
2.784879 -2.9234574
4.532485 -4.185054
-4.9214673 5.071639
