-3.8446205 4.6720777
2.9118462 -3.499002
2.197283 -2.9363368
5.36513 -3.837025
4.3850546 -4.998986
-4.0661054 2.5318458
4.32809 -3.2583876
5.0866466 -2.6683788
-5.2205315 4.9792233
-4.9732714 4.2957325
-4.774339 2.6134427
-6.288837 4.311954
-2.6529803 4.694554
3.563838 -4.38817
-5.1183124 4.178022
-2.9057114 2.585548
-4.7469997 3.3942142
5.4899893 -5.007104
-5.8002234 6.4489694
-5.7499275 7.1041102
5.3510633 -4.0338492
-4.2925076 5.6278367
-10.09409 11.794856
-1.7917776 4.0165343
5.3183317 -3.8027987
-4.469861 4.9109225
-7.534829 7.01516
3.1173036 -2.246425
-5.6819563 4.7436514
-5.051776 2.5798042
4.094078 -2.4964364
3.4872475 -1.662385
4.0544143 -2.6558452
-8.638704 5.0671344
3.1920278 -3.4468386
8.033428 -7.7318215
12.188953 -10.925552
-6.771461 8.65111
-6.2276196 3.870125
1.2548219 -2.4903975
-7.613323 4.629976
3.3725853 -4.899868
5.956724 -5.942993
3.1752212 -4.8518515
-2.91834 2.7161813
3.1568398 -1.9518577
4.40272 -4.6292567
-7.0061984 4.8465323
6.5354934 -3.2917347
-6.0067015 5.858596
2.3851404 -4.9821296
3.3445358 -3.5093734
3.6154566 -3.2511253
-5.645992 7.5699315
6.514578 -8.075267
-4.1356597 5.39916
3.1709108 -1.953964
3.6533155 -4.670364
3.2810686 -4.3531055
4.9361115 -4.5687504
-10.642801 11.178058
2.7337935 -2.8723893
4.378703 -4.0312624
-4.82677 4.9769382
