-2.077473 2.9039614
2.1619415 -2.7492137
1.0551318 -1.7941163
3.5894866 -2.0623758
3.2114334 -3.8254552
-2.3204844 0.78581446
2.65471 -1.5852336
2.9254584 -0.5071107
-2.5850236 2.3436482
-4.572795 3.8952794
-3.3022535 1.1408359
-3.7873354 1.8101792
-1.8085108 3.8496876
1.7107548 -2.5359442
-3.7011433 2.760433
-2.0322735 1.7119765
-2.5261912 1.1730009
4.1144114 -3.6313243
-3.0934787 3.7420857
-5.4338164 6.7883024
3.6204112 -2.3031344
-2.9687319 4.303591
-5.627799 7.3286314
-1.070844 3.2953343
3.702806 -2.187365
-2.3575237 2.7985876
-5.82904 5.3083625
2.0920146 -1.2213485
-3.4054987 2.467138
-4.154499 1.6815981
2.4442682 -0.8469456
2.3263159 -0.5015498
2.7710707 -1.3728951
-5.9653435 2.394526
1.8050023 -2.0599346
4.6449924 -4.3447747
7.2760167 -6.0124326
-3.1573737 5.0355806
-4.1289206 1.7707973
0.5303968 -1.7660401
-4.707469 1.7243863
1.1919181 -2.719479
2.6742046 -2.6605027
1.5767866 -3.2540872
-1.8748819 1.6726544
2.3652723 -1.1607616
2.4402292 -2.66681
-5.1031857 2.9433444
4.997061 -1.7532418
-3.5429735 3.394971
1.2070562 -3.8041553
2.2304623 -2.3954003
2.2400618 -1.8758811
-3.2004182 5.124226
3.5393357 -5.1007414
-1.9401045 3.203572
2.4625053 -1.2457262
1.7474885 -2.7647796
1.7127368 -2.7841172
3.1445823 -2.7775967
-7.8877096 8.422961
1.6309662 -1.7696404
3.1974366 -2.8501868
-3.0089653 3.158974
