-3.8278778 4.655386
2.878806 -3.4659376
2.1804771 -2.9195085
5.5472264 -4.0191913
4.2411366 -4.8550653
-4.1993327 2.66509
4.57582 -3.506017
5.025088 -2.6068661
-5.0623803 4.8211017
-5.1676106 4.490072
-4.94345 2.782656
-6.5068407 4.5299816
-2.7171128 4.758886
3.6107821 -4.435128
-5.092354 4.152074
-3.0341883 2.7140515
-4.9900374 3.637231
5.8851185 -5.402235
-5.9021764 6.550929
-6.315477 7.669663
5.2986903 -3.9812865
-4.421903 5.757238
-9.915206 11.615972
-1.8677039 4.09239
5.186276 -3.6709883
-4.446924 4.8880177
-7.521798 7.0021305
3.040999 -2.1700962
-5.8947167 4.956436
-5.2365046 2.7641878
4.154489 -2.5565717
3.4714663 -1.6464833
3.9575634 -2.5589302
-8.393716 4.822182
3.2721832 -3.5269675
7.901325 -7.6000123
12.042425 -10.779023
-6.5602045 8.4399185
-6.3378243 3.9803598
1.2333523 -2.4688003
-7.4543104 4.4709635
3.4182804 -4.945653
5.8802648 -5.8665285
3.1238806 -4.800205
-2.956749 2.7546136
3.3067265 -2.101675
4.3161 -4.5426235
-7.3264327 5.1667714
6.613702 -3.3695996
-5.6425676 5.494465
2.5302958 -5.1276374
3.4306738 -3.5954854
3.7342193 -3.36986
-6.2920284 8.215797
7.20327 -8.764288
-3.7678378 5.0312133
3.2270617 -2.0100708
3.8599863 -4.8767705
3.4064238 -4.4783773
5.069115 -4.7017493
-10.890168 11.425427
2.8181553 -2.9567246
4.5160747 -4.1686425
-5.005638 5.155811
