-3.8115783 4.639117
2.8733342 -3.460483
2.2374837 -2.9765341
5.4055424 -3.8774
4.3630147 -4.976947
-4.1170087 2.58275
4.380852 -3.3110888
5.0529847 -2.6347756
-5.201899 4.9605966
-5.016593 4.339054
-4.803318 2.6425128
-6.3355 4.3586187
-2.6876826 4.729375
3.5754988 -4.3997827
-5.0964518 4.1561623
-2.9553483 2.6351902
-4.770489 3.417587
5.6555657 -5.1726804
-5.7097526 6.3585
-5.613151 6.9673347
5.283775 -3.966497
-4.3390346 5.674364
-9.968878 11.669643
-1.7900515 4.0148525
5.2640753 -3.7485983
-4.451408 4.8924766
-7.7261496 7.20648
3.0924916 -2.2216065
-5.746115 4.807814
-5.093951 2.6219313
4.142141 -2.5444083
3.4628966 -1.63801
3.9731848 -2.5746193
-8.692022 5.120387
3.121627 -3.376432
7.9531026 -7.6516614
12.371684 -11.108283
-6.6128216 8.492393
-6.332255 3.9746945
1.2147247 -2.4501874
-7.846038 4.862692
3.346529 -4.873762
5.9406457 -5.9269137
3.1379611 -4.814645
-2.9084337 2.7062798
3.2097142 -2.004688
4.37539 -4.6019235
-7.0589933 4.899328
6.580515 -3.3366737
-5.8503532 5.7022486
2.3752375 -4.9723444
3.3973134 -3.5621445
3.5684521 -3.2041175
-5.842747 7.7666874
6.485407 -8.046019
-4.079664 5.343173
3.2267532 -2.0097175
3.6726363 -4.689627
3.313305 -4.3854747
4.912099 -4.544738
-10.72365 11.258908
2.7724347 -2.9110246
4.475861 -4.1284328
-4.9755974 5.1257663
