-3.850372 4.677766
2.9009125 -3.4880753
2.1862006 -2.9252658
5.3103137 -3.7821603
4.262528 -4.8764606
-3.9784493 2.4440565
4.286015 -3.216372
5.136998 -2.7187607
-5.254054 5.0127344
-4.844334 4.1667895
-4.7242856 2.5632098
-6.249591 4.272694
-2.6149747 4.6564794
3.517071 -4.341719
-5.0971518 4.1568584
-2.8222692 2.502093
-4.764265 3.4115133
5.7641506 -5.2812676
-5.632508 6.2812505
-5.4510784 6.805258
5.4116945 -4.094492
-4.34747 5.682794
-10.143684 11.844451
-1.9088395 4.13346
5.3860707 -3.870601
-4.54519 4.9862437
-7.963799 7.4442205
3.1361327 -2.265263
-5.6125107 4.6741943
-5.0213804 2.5492623
4.0098915 -2.412324
3.4477181 -1.622946
4.0530486 -2.6547112
-8.446713 4.875411
3.1512208 -3.4060428
8.104738 -7.803834
11.532069 -10.268668
-6.810641 8.690016
-6.190633 3.8331902
1.2342706 -2.4698517
-7.122588 4.1392393
3.3735056 -4.900504
5.8179746 -5.804247
3.1646535 -4.841244
-2.9541223 2.7519524
3.1293232 -1.9243364
4.209018 -4.4355607
-7.0301147 4.870444
6.476549 -3.2326472
-6.2214727 6.0733643
2.282454 -4.879464
3.388124 -3.5529737
3.6672776 -3.3029597
-5.6676664 7.5916023
6.845966 -8.406858
-4.1690326 5.432521
3.2166195 -1.9996878
3.6361282 -4.653383
3.24181 -4.3138576
4.8762984 -4.508944
-10.477105 11.012357
2.6875265 -2.8261323
4.349528 -4.0020947
-4.7640676 4.9142323
