-3.8226256 4.650041
2.8956828 -3.4828174
2.2036388 -2.9426768
5.4445143 -3.9164746
4.207908 -4.821837
-4.148502 2.6142745
4.5092397 -3.439357
4.987803 -2.5695157
-5.0904164 4.8491297
-5.0935 4.415962
-4.9140077 2.7531517
-6.479301 4.502437
-2.6591222 4.7009254
3.5628014 -4.3871193
-5.141197 4.200912
-3.0075915 2.6874483
-4.924533 3.5718067
5.943096 -5.4602118
-5.9268823 6.5756335
-6.207152 7.5613375
5.358777 -4.041416
-4.3193674 5.654701
-10.048167 11.748933
-1.8430723 4.0676594
5.1936045 -3.6784003
-4.4100533 4.85114
-7.574978 7.05531
3.05111 -2.1802106
-5.8561 4.917813
-5.1969695 2.7247155
4.1980968 -2.6002796
3.4624064 -1.637439
3.8939056 -2.495278
-8.45277 4.8813553
3.1767685 -3.4315588
7.877314 -7.5760007
12.119458 -10.856056
-6.5435395 8.423375
-6.3157516 3.9582417
1.2269068 -2.4623475
-7.4787755 4.495429
3.3871856 -4.914568
5.845502 -5.8317666
3.091448 -4.7677183
-2.9401562 2.738015
3.2464824 -2.0414352
4.2891197 -4.515644
-7.3101463 5.150483
6.6733346 -3.4293215
-5.7022195 5.5541153
2.4992902 -5.0966506
3.4555025 -3.6203191
3.6656456 -3.3012934
-6.075938 7.9999003
6.981093 -8.542001
-3.8234906 5.0867767
3.2136276 -1.9966681
3.818471 -4.8353767
3.4276075 -4.499602
4.9490824 -4.581717
-10.933767 11.469026
2.7469556 -2.8855276
4.4886293 -4.1411977
-4.9932594 5.1434307
