-3.86755 4.694965
2.9564095 -3.5435686
2.2024326 -2.9414945
5.375738 -3.8475673
4.357447 -4.971379
-4.0179677 2.4836464
4.2895494 -3.219924
5.139991 -2.7218118
-5.230761 4.9894433
-4.8533683 4.1758237
-4.7465262 2.585581
-6.2435613 4.266668
-2.6111147 4.6526456
3.5139906 -4.338609
-5.1580524 4.21776
-2.8557963 2.5356216
-4.754193 3.4013727
5.6234117 -5.1405277
-5.737859 6.3866024
-5.3919373 6.746117
5.405661 -4.0884566
-4.350074 5.6854
-10.201364 11.902131
-1.8588817 4.0836034
5.402922 -3.8873515
-4.476209 4.9172664
-7.8281226 7.3084517
3.1522672 -2.2813954
-5.629733 4.6914196
-5.0705523 2.59845
4.0267396 -2.4291413
3.4428403 -1.6180605
4.0310297 -2.6326435
-8.52228 4.9508953
3.1665847 -3.4214034
8.120614 -7.819473
11.588945 -10.325546
-6.7659774 8.645623
-6.2750497 3.91752
1.2558082 -2.4913626
-7.2324734 4.2491255
3.3660724 -4.8930864
5.8763967 -5.8626695
3.1828995 -4.8594522
-2.9434266 2.7412598
3.1300747 -1.9250973
4.324982 -4.5515237
-7.124811 4.9651413
6.488468 -3.2445664
-6.3159704 6.1678624
2.310862 -4.907862
3.378452 -3.543299
3.641343 -3.277022
-5.607823 7.531761
6.8934455 -8.454384
-4.1756525 5.439144
3.1973817 -1.9804739
3.6406777 -4.6578293
3.2432408 -4.315379
4.8851266 -4.5177703
-10.678291 11.213543
2.6925805 -2.8311834
4.3940115 -4.0465984
-4.8582096 5.0083756
