-3.78663 4.614069
2.8944316 -3.4815774
2.1951077 -2.9341555
5.436885 -3.9086869
4.259104 -4.8730335
-4.1490917 2.6149518
4.4204807 -3.3506258
5.0197864 -2.6015966
-5.168964 4.9276624
-5.0393515 4.3618126
-4.8388104 2.678018
-6.346926 4.370046
-2.6827695 4.724375
3.5450904 -4.3693533
-5.089509 4.149219
-2.9799771 2.6598203
-4.7949877 3.4422276
5.651888 -5.1690025
-5.77845 6.4271984
-5.7125916 7.066775
5.323596 -4.00627
-4.312335 5.647665
-10.014617 11.715383
-1.8053889 4.030148
5.2118416 -3.6964357
-4.469261 4.910331
-7.722367 7.202697
3.075963 -2.2050753
-5.8117466 4.873448
-5.1064672 2.634483
4.175657 -2.5779235
3.4847302 -1.6598083
3.9686785 -2.5701127
-8.683908 5.112217
3.1670308 -3.4218333
7.974907 -7.6735225
12.404064 -11.140662
-6.6658125 8.545373
-6.371585 4.014026
1.2372924 -2.472761
-7.76373 4.780384
3.363649 -4.89095
5.9096346 -5.895905
3.1320765 -4.8086486
-2.8899689 2.6878169
3.2203367 -2.0152962
4.3178678 -4.5443997
-7.1022444 4.94258
6.64149 -3.3975043
-5.876756 5.728651
2.456385 -5.0534163
3.398018 -3.5628462
3.5999267 -3.235588
-5.815782 7.7397246
6.553714 -8.1145115
-4.0353103 5.2988205
3.1855006 -1.9684981
3.708082 -4.725104
3.3392894 -4.4115014
4.930702 -4.563342
-10.8398485 11.375107
2.7424276 -2.8810139
4.5257115 -4.1782813
-4.853727 5.0038967
