-3.9195173 4.7469177
2.9335284 -3.5206935
2.2340002 -2.9730723
5.294045 -3.7658327
4.3042417 -4.918176
-3.9496093 2.4152331
4.2058816 -3.1362548
5.1087284 -2.6904557
-5.246358 5.0050316
-4.878714 4.2011666
-4.6896825 2.5286057
-6.284023 4.3071203
-2.6389816 4.6806097
3.4917655 -4.316551
-5.099928 4.1596336
-2.808633 2.4884522
-4.754961 3.4023166
5.6707025 -5.1878214
-5.4621005 6.110842
-5.490655 6.8448334
5.453413 -4.136214
-4.300892 5.6362133
-9.898537 11.599304
-1.9505074 4.175109
5.403449 -3.8879216
-4.6369343 5.077984
-8.232727 7.7129126
3.1386678 -2.2678053
-5.575285 4.636964
-5.025048 2.5529683
3.9680681 -2.3705008
3.4628055 -1.6380194
4.0392838 -2.6409907
-8.589083 5.017802
3.1812227 -3.4360514
8.174016 -7.8732333
11.216448 -9.953047
-6.9350677 8.814184
-6.1106005 3.7532458
1.23722 -2.4728425
-7.067949 4.084629
3.3692763 -4.8963556
5.817104 -5.8033776
3.1535258 -4.829979
-2.9200394 2.7178638
3.0974355 -1.8924422
4.191034 -4.417579
-7.09368 4.9340086
6.5037193 -3.2598984
-6.2619133 6.113805
2.3451428 -4.942203
3.3729355 -3.5377893
3.7037504 -3.3394375
-5.4802747 7.404211
6.747793 -8.30906
-4.2069774 5.470461
3.2271748 -2.0102746
3.6269064 -4.6440625
3.240716 -4.312932
4.8593564 -4.492003
-10.4784 11.01365
2.6580882 -2.7966993
4.348083 -4.0007453
-4.673508 4.8236732
