-3.799697 4.627225
2.8904104 -3.477551
2.2093318 -2.9483774
5.470977 -3.942897
4.186825 -4.800754
-4.1419706 2.6078846
4.4360924 -3.3661783
5.0325913 -2.6143239
-5.1625586 4.921263
-4.9961777 4.318641
-4.8718624 2.7111366
-6.383752 4.406879
-2.666272 4.707828
3.574774 -4.3990054
-5.071611 4.1313233
-2.9835308 2.6633782
-4.822078 3.4693754
5.790274 -5.3073897
-5.7845387 6.433288
-5.8991313 7.2533174
5.3406515 -4.0232716
-4.293691 5.629024
-10.11026 11.811026
-1.8474352 4.072255
5.2533364 -3.7379336
-4.41952 4.860597
-7.47454 6.954874
3.0723944 -2.2015023
-5.858264 4.9199667
-5.1219296 2.649787
4.240312 -2.6424654
3.4895647 -1.6645871
3.9307482 -2.532128
-8.636445 5.06485
3.2082691 -3.463066
7.9314356 -7.630077
12.308807 -11.045403
-6.518553 8.398352
-6.3340445 3.976392
1.238907 -2.474375
-7.6127415 4.6293955
3.3520386 -4.8792887
5.78396 -5.7702274
3.1050885 -4.7815375
-2.9103775 2.7082295
3.2180433 -2.0130062
4.338438 -4.564968
-7.210162 5.050499
6.6185217 -3.3744302
-5.8090057 5.6609
2.5153008 -5.1123853
3.384156 -3.5489802
3.6185343 -3.2541907
-5.7469273 7.670869
6.7609954 -8.321791
-3.9294925 5.1929626
3.1994445 -1.9824551
3.7467017 -4.7636395
3.3728566 -4.444984
4.9117966 -4.5444336
-10.628585 11.163843
2.769825 -2.9084048
4.544027 -4.1965957
-4.9147005 5.0648713
