-3.8420522 4.6694927
2.885026 -3.4721785
2.199256 -2.9383075
5.406791 -3.878592
4.3363986 -4.9503293
-4.067929 2.5337133
4.372574 -3.3028672
5.076826 -2.6585636
-5.2247357 4.9834313
-4.9760046 4.2984657
-4.784413 2.6236176
-6.3115964 4.334715
-2.651371 4.6930003
3.5758603 -4.4001813
-5.0392675 4.098977
-2.917172 2.597012
-4.766908 3.414011
5.589029 -5.1061435
-5.86814 6.5168867
-5.613082 6.9672656
5.3742313 -4.0570292
-4.341671 5.677001
-10.059491 11.760257
-1.7886542 4.013457
5.2795553 -3.7640688
-4.4629984 4.9040647
-7.685022 7.1653523
3.0889847 -2.2181036
-5.701872 4.7635694
-5.124815 2.6528394
4.148725 -2.5509832
3.479484 -1.6546125
4.0040975 -2.6055562
-8.669764 5.0981145
3.1838083 -3.4386177
8.04566 -7.7441287
12.33397 -11.070568
-6.662886 8.54246
-6.3423605 3.9848652
1.178215 -2.4137695
-7.7315044 4.748158
3.3545215 -4.881764
6.0045023 -5.9907703
3.1662533 -4.8429317
-2.9253125 2.723157
3.152113 -1.9470832
4.3968277 -4.623362
-7.1345425 4.9748774
6.5726643 -3.3288612
-5.85303 5.7049255
2.3852122 -4.982261
3.388305 -3.5531394
3.5918767 -3.2275436
-5.7929416 7.716881
6.4471226 -8.007669
-4.1118093 5.375314
3.21063 -1.9936817
3.6944454 -4.7114267
3.3065133 -4.3785825
4.948478 -4.581117
-10.598795 11.134052
2.7629812 -2.9015737
4.485365 -4.1379337
-4.85376 5.003928
