-3.8110766 4.638496
2.9023473 -3.4894845
2.2269 -2.9659414
5.4407024 -3.9125438
4.248713 -4.862641
-4.1536994 2.6194646
4.5131044 -3.443173
4.984836 -2.5665505
-5.121139 4.879849
-5.1115537 4.4340158
-4.8909745 2.7301738
-6.4423237 4.465456
-2.65469 4.6965113
3.5838559 -4.4082527
-5.012287 4.072003
-3.0176263 2.6974807
-4.895738 3.5430112
5.8391156 -5.3562307
-5.8246684 6.4734197
-5.938862 7.293048
5.344707 -4.0273323
-4.3236814 5.659015
-10.001196 11.7019615
-1.8562405 4.08092
5.1814666 -3.6662102
-4.402661 4.843745
-7.5536537 7.033986
3.1006098 -2.2297149
-5.835227 4.896938
-5.1209507 2.648585
4.226212 -2.6284199
3.468871 -1.6438788
3.9126935 -2.5140686
-8.580373 5.008801
3.1829429 -3.437735
7.93026 -7.6289077
12.327127 -11.0637245
-6.437375 8.317182
-6.264046 3.9065573
1.1946452 -2.4300895
-7.5802565 4.5969095
3.3725994 -4.8998947
5.750659 -5.7369246
3.1132467 -4.789627
-2.9267905 2.7246478
3.2205613 -2.015517
4.2809 -4.507426
-7.2845693 5.124906
6.666094 -3.422185
-5.694285 5.54618
2.4780498 -5.0753407
3.460438 -3.6252563
3.6167064 -3.2523558
-5.894001 7.8179426
7.036743 -8.597611
-3.8506067 5.113913
3.2162008 -1.9992399
3.7794077 -4.796354
3.40444 -4.476474
4.9163136 -4.5489497
-10.884767 11.420026
2.775293 -2.9138696
4.4972878 -4.1498575
-4.9773088 5.12748
