-3.861191 4.688664
2.8711584 -3.4583156
2.1879494 -2.927008
5.3467903 -3.8186655
4.4125786 -5.026511
-4.0863914 2.5521395
4.31539 -3.2457273
5.129827 -2.711506
-5.216538 4.9752245
-4.9168396 4.239298
-4.768523 2.6077414
-6.283158 4.3062706
-2.6272614 4.668843
3.5482993 -4.3728414
-5.08294 4.1426477
-2.8981197 2.5779521
-4.7399673 3.3871522
5.5207086 -5.0378237
-5.7899942 6.4387393
-5.4855814 6.839762
5.3920417 -4.074828
-4.2379045 5.5732327
-10.171987 11.872753
-1.7961848 4.020925
5.339125 -3.8236856
-4.471471 4.9125323
-7.6622024 7.1425323
3.1165938 -2.245717
-5.658021 4.7197104
-5.1070356 2.6350124
4.080615 -2.4829748
3.4823556 -1.6575379
4.035035 -2.6365387
-8.573384 5.001682
3.1987805 -3.4535947
8.113423 -7.812115
11.873365 -10.609965
-6.7194653 8.598989
-6.2839212 3.9264722
1.2333343 -2.4688656
-7.4644876 4.4811406
3.346495 -4.873754
5.954479 -5.940748
3.1404507 -4.817094
-2.9427762 2.7406151
3.1329052 -1.9279071
4.377092 -4.6036286
-7.0654206 4.9057527
6.5610895 -3.317291
-6.0471807 5.899074
2.3515778 -4.9485364
3.3586056 -3.5234444
3.5869653 -3.2226381
-5.7299523 7.653892
6.6058927 -8.166531
-4.168944 5.4324403
3.1741545 -1.9572484
3.6391163 -4.656179
3.2726583 -4.344764
4.9403157 -4.5729575
-10.717901 11.253156
2.717209 -2.8558075
4.3875837 -4.0401597
-4.887248 5.037417
