-3.9123402 4.7396083
2.987892 -3.5750592
2.1997027 -2.938781
5.318668 -3.790505
4.336512 -4.9504466
-3.9912815 2.456885
4.1752353 -3.1056285
5.0977206 -2.6793609
-5.213643 4.972313
-4.819441 4.1418924
-4.753213 2.5918005
-6.2436275 4.2667174
-2.6021993 4.643814
3.4794426 -4.3041096
-5.076493 4.1361966
-2.796227 2.4760423
-4.7164183 3.3638234
5.66084 -5.177961
-5.4458857 6.094625
-5.779852 7.1340294
5.4146757 -4.097475
-4.391215 5.726536
-9.596221 11.29699
-1.9423218 4.1668468
5.401582 -3.885959
-4.683248 5.124288
-8.288456 7.768727
3.141529 -2.2706714
-5.513797 4.575467
-5.0308495 2.5586424
3.9302619 -2.3326936
3.4730477 -1.6482229
4.0429034 -2.6446378
-8.593612 5.022475
3.1953354 -3.4501688
8.163023 -7.8624144
11.562951 -10.299548
-7.0721593 8.951076
-6.160914 3.8035412
1.2583729 -2.4940212
-6.788126 3.8047655
3.341187 -4.8682556
5.7384925 -5.724767
3.1970968 -4.873636
-2.932907 2.7307255
3.1053834 -1.900394
4.155558 -4.382104
-7.2890034 5.1293273
6.336445 -3.0927901
-6.153303 6.0051928
2.3869066 -4.983977
3.3373287 -3.5021865
3.7633517 -3.3990443
-5.2821193 7.2060556
6.518604 -8.079754
-4.2025104 5.465986
3.2185361 -2.0016184
3.6514769 -4.668764
3.2689347 -4.340942
4.8141556 -4.4468017
-10.247082 10.782331
2.6778235 -2.8164396
4.3337026 -3.9864912
-4.56741 4.717573
