-3.1202695 4.2691774
-7.9529576 6.109232
3.4801314 -3.7539783
1.2061232 -1.3097394
-2.5981205 0.8148741
-4.252154 5.616019
1.5745794 -2.3749256
-2.0710769 0.838931
2.989022 -2.3892415
0.86354077 -2.0665104
2.8113258 -1.0729691
-1.7876384 1.8619986
1.9489199 -1.2608987
1.8606374 -1.2993435
1.8834771 -1.7801117
1.9437058 -1.3647733
-1.6992128 1.9339468
1.2782327 -3.7045581
-1.689292 0.53608173
1.5579551 -2.0167723
1.7522311 -2.2924962
1.7446017 -2.1063237
-4.692569 4.0337534
1.9339137 -1.1982179
-0.37766787 1.3635622
4.520613 -5.395001
-2.496239 0.97047913
-0.4643228 2.9928687
-4.620828 4.2664323
3.0312083 -2.3377736
-0.38664085 2.11515
-2.8634953 2.6287038
-2.3419616 1.66671
-1.6110886 2.237956
1.7315291 -1.5625926
-1.8155159 1.3263189
-1.9172438 1.3537482
1.093503 -1.7016515
-3.2205226 3.740679
-5.909023 5.932246
-1.9675217 1.6986371
4.095498 -5.5499415
-2.5977592 2.6077504
-4.416828 -0.45026207
-2.465993 2.10449
1.8284113 -0.97515804
-3.9890885 0.4932946
-1.8115515 3.5749683
2.9996817 -0.9160549
-4.3351917 0.89497215
3.4267883 -3.9966025
3.5445762 -3.983874
-1.6276397 1.9756446
1.2403101 -2.3733563
2.3342817 -1.2668073
2.0109868 -1.6684746
7.6228104 -3.3744953
2.161873 -2.7275035
-2.590622 0.5733099
4.66126 -6.284659
-2.136684 1.8086667
-0.87823623 2.7715144
2.8249078 -4.830197
-5.800465 4.9243455
