-3.8081374 4.6356153
2.8835778 -3.4707215
2.215268 -2.954315
5.4145203 -3.8863583
4.2148542 -4.828785
-4.1600413 2.625935
4.471564 -3.401581
4.995786 -2.577567
-5.1672173 4.925919
-5.0165596 4.3390217
-4.881685 2.7209203
-6.360162 4.3832846
-2.6486442 4.6902833
3.5405846 -4.3648195
-5.1651115 4.2248235
-2.9717977 2.651643
-4.78781 3.4350898
5.663973 -5.1810884
-5.7528067 6.401555
-5.86783 7.222015
5.268476 -3.9511588
-4.309915 5.645248
-10.126528 11.827293
-1.8100932 4.034928
5.2067933 -3.6913838
-4.4366503 4.877724
-7.641554 7.1218863
3.0845664 -2.2136767
-5.8449235 4.906626
-5.0305395 2.5584216
4.2166405 -2.6188962
3.5013702 -1.6764356
3.9990485 -2.6004403
-8.558539 4.986789
3.2025225 -3.4573224
7.9585304 -7.6571484
12.284408 -11.021005
-6.58279 8.462456
-6.384737 4.027101
1.2273378 -2.4628196
-7.7427006 4.7593546
3.37744 -4.904661
5.8030357 -5.7893047
3.1128662 -4.789334
-2.8710406 2.6688912
3.2392473 -2.034198
4.3007216 -4.527252
-7.1575594 4.9978957
6.5899205 -3.345827
-5.681205 5.533099
2.4980512 -5.0951076
3.3889515 -3.553778
3.598138 -3.2337966
-5.7187357 7.6426783
6.612042 -8.172838
-3.9720027 5.235482
3.2048647 -1.9878616
3.746883 -4.7638335
3.376768 -4.448867
4.898554 -4.531191
-10.755439 11.290698
2.7759094 -2.9144921
4.475648 -4.1282167
-4.8378687 4.988038
