-3.8660753 4.6936426
2.912294 -3.4994526
2.2218626 -2.9609225
5.39248 -3.8644512
4.3779063 -4.9918385
-4.0324483 2.498099
4.3537216 -3.284025
5.106451 -2.688105
-5.2428 5.0014853
-4.8764305 4.198888
-4.774814 2.6139145
-6.264738 4.2878475
-2.6027472 4.6443486
3.5424752 -4.3670373
-5.07035 4.130058
-2.8651679 2.5449967
-4.753853 3.4010813
5.559657 -5.076772
-5.8215766 6.470321
-5.4856687 6.839849
5.354454 -4.0372496
-4.3110547 5.6463823
-10.283184 11.983952
-1.8154079 4.0401406
5.3988757 -3.883468
-4.4949555 4.9360147
-7.8262997 7.306629
3.117045 -2.2461712
-5.627707 4.6893954
-5.040244 2.568165
4.0411315 -2.4434786
3.4782507 -1.6534401
4.036882 -2.6383932
-8.541085 4.9695206
3.1706295 -3.4254456
8.142482 -7.8412437
11.7262 -10.462801
-6.7731133 8.65275
-6.213487 3.8560565
1.240223 -2.4757621
-7.4106636 4.4273157
3.355367 -4.882521
5.95855 -5.9448214
3.1595144 -4.836114
-2.9538498 2.7516856
3.1192684 -1.9142905
4.3172445 -4.543783
-7.1192107 4.9595423
6.5448446 -3.3009548
-6.169794 6.021685
2.3091128 -4.9061246
3.3833964 -3.54824
3.6143467 -3.2500222
-5.6875086 7.6114464
6.798547 -8.35929
-4.1756096 5.4391036
3.2116692 -1.9947633
3.6478617 -4.664885
3.2777283 -4.349927
4.9234805 -4.556123
-10.674968 11.210221
2.708337 -2.8469372
4.416837 -4.0694118
-4.924866 5.075033
