-3.85336 4.680814
2.9014535 -3.4885828
2.213761 -2.9527903
5.5837593 -4.0557504
4.2999444 -4.913874
-4.244657 2.710518
4.5824285 -3.5125296
5.0693717 -2.6510348
-5.102646 4.861368
-5.1779866 4.500449
-4.9697514 2.8089669
-6.5099792 4.5331216
-2.7572734 4.798928
3.6299987 -4.4543896
-5.153564 4.2132854
-3.077362 2.7572281
-5.025335 3.6724672
5.9112883 -5.428405
-5.9067574 6.55551
-6.378824 7.7330112
5.382907 -4.0654674
-4.5012827 5.8366175
-10.052453 11.753219
-1.911071 4.13572
5.1829467 -3.6676419
-4.443179 4.8842745
-7.51422 6.9945536
3.038655 -2.1677482
-5.9339495 4.995672
-5.2779603 2.8056514
4.144956 -2.5470057
3.4478161 -1.6228172
3.9318988 -2.5332649
-8.383485 4.811954
3.2433784 -3.49816
7.9073076 -7.6059937
11.751784 -10.488381
-6.615381 8.494993
-6.2682614 3.9108455
1.2323616 -2.467741
-7.5210915 4.5377445
3.449409 -4.976778
5.9178457 -5.9041104
3.0608811 -4.73717
-2.9341981 2.7320645
3.3014524 -2.096398
4.373218 -4.5997415
-7.3771873 5.217526
6.576941 -3.3329458
-5.6233664 5.4752636
2.5124514 -5.1097593
3.4813025 -3.6461115
3.7316315 -3.367268
-6.3784957 8.30217
7.1774564 -8.73883
-3.7701821 5.0336237
3.2032185 -1.9862484
3.8249753 -4.841859
3.4189537 -4.4909015
4.9804378 -4.613073
-10.931288 11.466547
2.8139086 -2.9524763
4.4876194 -4.1401863
-5.0761943 5.2263684
