-3.8579037 4.6856604
3.0010552 -3.588155
2.276455 -3.0154505
5.5557003 -4.0274553
4.424461 -5.038383
-4.305421 2.7708585
4.6198077 -3.5501096
5.3298373 -2.9114478
-5.0492887 4.8080482
-4.8750196 4.1974897
-5.1538687 2.9934404
-6.2244687 4.2476482
-2.9357963 4.977526
3.965236 -4.7895975
-5.008649 4.068374
-3.0324664 2.7123685
-5.161515 3.8082802
5.7639165 -5.2810273
-5.93641 6.585168
-6.202392 7.5565877
5.360386 -4.042931
-4.6525226 5.987865
-9.917169 11.617938
-2.271235 4.4963236
5.106119 -3.590684
-4.132471 4.5736017
-7.6503305 7.1306677
3.0070994 -2.13616
-5.9700036 5.0317645
-5.1051846 2.6324928
4.050058 -2.4522483
3.471306 -1.6464181
3.9454746 -2.546778
-8.524506 4.9537783
3.275131 -3.5298834
7.8308434 -7.529526
10.956298 -9.692892
-6.547588 8.428398
-6.112548 3.7553477
1.2030108 -2.438436
-7.1903286 4.2069836
3.5766468 -5.1036735
5.515283 -5.5015407
3.1627252 -4.838906
-2.8184092 2.616306
3.2800052 -2.0749233
4.3157415 -4.5422597
-7.365832 5.206178
6.728931 -3.485032
-5.253736 5.105639
2.5165846 -5.113998
3.5908291 -3.7556117
3.461224 -3.0968242
-6.354104 8.277851
5.9746585 -7.535831
-3.7971687 5.0608706
3.2088816 -1.9919196
3.6613894 -4.678152
3.3477447 -4.420182
5.0645466 -4.697175
-10.546364 11.081617
2.861482 -3.00002
4.449519 -4.102005
-4.9174156 5.0676
