-3.8666852 4.694455
3.0325065 -3.6196108
2.2018735 -2.9408739
5.4939694 -3.965804
4.4472604 -5.0611825
-4.300786 2.7662861
4.618456 -3.548765
5.31074 -2.8924258
-5.056981 4.815737
-5.0271635 4.349633
-5.1960454 3.0356488
-6.2545023 4.277675
-2.981329 5.0230584
3.9236894 -4.748019
-5.0891476 4.1488714
-3.103635 2.7835329
-5.09485 3.7417204
5.8794193 -5.396532
-5.899585 6.5483427
-6.255366 7.6095605
5.4242716 -4.1068172
-4.605681 5.941021
-10.086795 11.787564
-2.229489 4.4545803
5.1495514 -3.6342247
-4.1573677 4.5984955
-7.814343 7.294681
3.0006764 -2.1297402
-5.975648 5.037402
-5.167486 2.6947846
4.0530715 -2.4552412
3.479155 -1.6542544
3.9783897 -2.5797
-8.571746 5.000769
3.265651 -3.5204074
7.8212986 -7.519983
11.151843 -9.888438
-6.2820187 8.162605
-6.16576 3.808506
1.1882083 -2.4235656
-7.2996273 4.3162813
3.5350108 -5.062014
5.6202936 -5.6065536
3.1328979 -4.8090777
-2.8845117 2.6824036
3.326497 -2.121418
4.389906 -4.6164255
-7.4283986 5.2687426
6.7272277 -3.4834015
-5.251086 5.102987
2.4961374 -5.093655
3.5800407 -3.7448275
3.4975445 -3.133149
-6.2501516 8.173981
6.098667 -7.6598415
-3.7352295 4.9989014
3.2703812 -2.0533938
3.6551194 -4.6719594
3.359612 -4.4320874
5.0717597 -4.704389
-10.531897 11.06715
2.869957 -3.0085008
4.417781 -4.0702686
-4.9779754 5.128158
