-3.3460488 4.4949265
-10.489524 8.646073
5.292787 -5.5666566
2.2639945 -2.3676052
-3.2060091 1.4228309
-4.796291 6.1601567
1.8301569 -2.630445
-2.2115898 0.97943383
3.5916505 -2.9918568
1.2868147 -2.4897506
3.5935192 -1.8551551
-1.87806 1.9524342
2.5517502 -1.8636354
2.3771377 -1.8157902
2.0168974 -1.9135636
2.4755526 -1.8965732
-2.0057793 2.2405448
1.857314 -4.2835593
-2.3280013 1.1748414
1.9720894 -2.4308724
2.4967976 -3.0370345
2.4063084 -2.7680364
-5.507078 4.848266
2.1115234 -1.375779
-0.9911209 1.9770368
6.286076 -7.160461
-2.9838681 1.4581187
-1.047352 3.5759332
-5.015181 4.660785
3.0755827 -2.3821433
-0.87406003 2.602564
-3.2877934 3.0530114
-3.0081294 2.3328042
-1.9188688 2.5457811
2.2237134 -2.0547454
-2.5117023 2.0225587
-2.2229989 1.659504
1.690929 -2.2990434
-4.421307 4.941404
-6.5278955 6.5511208
-2.5173233 2.2484658
5.5439496 -6.9983916
-2.8381402 2.8481343
-4.808556 -0.058610715
-2.9369595 2.57547
1.9415054 -1.0882123
-4.14955 0.6539241
-2.307843 4.071262
3.4198058 -1.3362634
-4.5505953 1.1103147
3.9135878 -4.483521
4.194576 -4.633853
-2.3493242 2.6973035
1.7296536 -2.8626804
2.69304 -1.6256609
2.3545332 -2.0119965
7.702346 -3.4542341
2.6540623 -3.219681
-2.7808483 0.76355153
5.175041 -6.7984347
-2.44403 2.1160111
-1.2834228 3.176724
3.0489206 -5.054158
-6.4054885 5.5293717
