-3.86645 4.693978
2.9684956 -3.5556133
2.1435893 -2.8826034
5.5510635 -4.023029
4.364723 -4.9786487
-4.2989626 2.7646008
4.563365 -3.4937563
5.2549024 -2.8365943
-5.0239077 4.782649
-4.9816127 4.3040786
-5.065999 2.9053867
-6.3674417 4.390598
-2.9023762 4.94421
3.8069773 -4.631428
-5.114971 4.174693
-3.0866315 2.7665098
-5.1004443 3.747431
5.9127393 -5.429853
-5.936598 6.5853505
-6.328276 7.682466
5.483343 -4.1658926
-4.4167852 5.7521253
-10.076396 11.7771635
-2.087405 4.3120074
5.1850414 -3.6697242
-4.2552924 4.696405
-7.6163836 7.0967183
3.0418737 -2.1709535
-6.040857 5.1026
-5.1267076 2.6543531
4.118864 -2.5208178
3.4259975 -1.6009911
3.9060273 -2.507376
-8.382795 4.811557
3.251674 -3.5064433
7.787016 -7.485702
11.532767 -10.269364
-6.473775 8.35385
-6.263325 3.905903
1.237281 -2.472624
-7.4664536 4.4831057
3.6066191 -5.1337485
5.780347 -5.766609
3.1216192 -4.797915
-2.9080021 2.7058804
3.2895937 -2.084528
4.443281 -4.6698027
-7.4510617 5.291404
6.5713162 -3.3275814
-5.3611574 5.2130575
2.517705 -5.1153283
3.5453646 -3.710161
3.6621523 -3.2977715
-6.3607078 8.284341
6.636658 -8.197646
-3.7649581 5.0286207
3.2512975 -2.0343025
3.6925526 -4.709483
3.4601653 -4.5323815
5.1577625 -4.7903953
-10.746964 11.282222
2.8134189 -2.9519763
4.4665747 -4.1191363
-5.158338 5.3085165
