-3.8670065 4.694353
2.8748672 -3.4619932
2.190761 -2.929789
5.581191 -4.0531735
4.33941 -4.9533396
-4.257109 2.722918
4.5355234 -3.4656196
5.1194487 -2.7011366
-5.085534 4.844258
-5.097767 4.42023
-4.9925103 2.8317447
-6.502808 4.5259523
-2.7749572 4.816659
3.6585321 -4.482996
-5.181109 4.2408304
-3.0475125 2.7273793
-5.049542 3.6966395
5.9449983 -5.4621134
-5.851528 6.5002804
-6.233754 7.587941
5.384838 -4.067404
-4.4876957 5.8230305
-10.007639 11.708405
-1.9465688 4.171287
5.182152 -3.6668694
-4.4070053 4.848102
-7.424536 6.9048686
3.0371575 -2.166247
-5.9530807 5.0148067
-5.140567 2.6681445
4.17025 -2.5723722
3.4743729 -1.6493735
3.902915 -2.5042787
-8.469362 4.8978257
3.2792995 -3.5340776
7.800528 -7.499214
11.865798 -10.602395
-6.6453595 8.525161
-6.2986655 3.941188
1.2001024 -2.4354866
-7.5823526 4.599006
3.5048153 -5.0321927
5.8047523 -5.7910166
3.0666199 -4.7429233
-2.9202669 2.7181342
3.3033214 -2.0982652
4.3935394 -4.6200643
-7.400602 5.2409415
6.5899677 -3.3459737
-5.63758 5.4894776
2.5584252 -5.155748
3.53569 -3.7004974
3.6935513 -3.3291848
-6.4154625 8.339073
7.0083904 -8.569584
-3.7487102 5.012236
3.2264457 -2.0094767
3.8157125 -4.8325663
3.4295695 -4.5014443
4.983286 -4.615921
-10.829396 11.3646555
2.8093164 -2.947883
4.5445538 -4.1971197
-5.1334977 5.283672
