-3.90869 4.73658
3.1043828 -3.6914763
2.318464 -3.0574527
5.509666 -3.9813175
4.3861227 -5.000043
-4.3145123 2.7801263
4.586462 -3.5169547
5.278434 -2.8602118
-5.103083 4.8618526
-4.871765 4.194235
-5.1904564 3.0300834
-6.2235217 4.2467113
-2.8572023 4.8990545
4.0250087 -4.849506
-5.067092 4.126825
-3.0001547 2.6800656
-5.2036834 3.8506029
5.5877137 -5.1048226
-5.8722034 6.5209618
-6.1216397 7.4758353
5.468095 -4.1506414
-4.601943 5.9372907
-9.684663 11.385436
-2.31015 4.5352106
5.064143 -3.5485919
-4.0672665 4.508402
-7.5186296 6.998969
3.0144327 -2.1434817
-5.8047233 4.866494
-5.153022 2.680246
3.9934027 -2.39552
3.4546182 -1.6298268
3.9667401 -2.568035
-8.504894 4.9341006
3.2216315 -3.4763758
7.751866 -7.4505467
11.034667 -9.771258
-6.407883 8.288768
-6.059481 3.7024217
1.1994436 -2.4348388
-7.239744 4.2564015
3.5658739 -5.0928397
5.440948 -5.4272046
3.123789 -4.7999744
-2.7638636 2.5617738
3.245395 -2.0403066
4.2704415 -4.496955
-7.319431 5.159776
6.6352487 -3.391382
-5.268733 5.120636
2.5518243 -5.1493387
3.6098711 -3.7746458
3.4892771 -3.1248653
-6.3056307 8.229868
5.6545234 -7.215694
-3.8310194 5.094658
3.2519858 -2.0350668
3.6047857 -4.621586
3.3834062 -4.455884
5.1111374 -4.743765
-10.693279 11.228533
2.84074 -2.979273
4.493153 -4.1456356
-4.848225 4.9984136
