-2.226426 3.0529203
2.213714 -2.8009832
1.1712699 -1.91025
3.6828632 -2.155751
3.6645033 -4.2784557
-2.5209758 0.9862834
2.7726748 -1.7032135
3.143654 -0.7253361
-2.833663 2.592293
-4.7412887 4.0637217
-3.3106961 1.1492877
-4.0611205 2.0839865
-1.9437306 3.984957
1.923217 -2.7484674
-3.930231 2.9895213
-2.114459 1.7941697
-2.829368 1.4762065
4.3487263 -3.8657544
-3.4714622 4.1201324
-6.1418614 7.496348
3.8940575 -2.5767796
-3.0278053 4.362713
-5.763447 7.46428
-1.2416929 3.4661555
3.975244 -2.459803
-2.6046712 3.0457385
-6.915428 6.3947496
2.314338 -1.4436121
-3.6003928 2.6620367
-4.217081 1.7442541
2.478003 -0.88068885
2.4709308 -0.64614385
2.9481487 -1.5499068
-6.14758 2.5767732
1.9664116 -2.221354
4.9042816 -4.6040635
8.192837 -6.9292116
-3.6879058 5.566092
-4.336299 1.9781854
0.5979749 -1.833612
-4.736796 1.7537473
1.3338125 -2.861385
2.9850836 -2.9713798
1.8555801 -3.5328693
-2.0700312 1.8678213
2.42827 -1.2237225
2.7012203 -2.9277997
-5.3807726 3.2210248
5.1036363 -1.8598317
-3.7042584 3.5562553
1.2446289 -3.8416972
2.4077113 -2.5726464
2.3978686 -2.0336561
-3.5010734 5.4248796
4.072579 -5.633987
-2.2769563 3.5404053
2.5989354 -1.3821671
2.0875964 -3.1048896
1.8587337 -2.9301336
3.451284 -3.084298
-8.393719 8.92894
1.7312202 -1.8698888
3.3316154 -2.9843655
-3.1409116 3.2909214
