-3.8897305 4.7176566
3.1129494 -3.7000415
2.3439445 -3.0829313
5.528041 -3.9997687
4.3273444 -4.9412627
-4.2911406 2.7567863
4.585824 -3.516348
5.265522 -2.8472815
-5.1032453 4.8620186
-4.9214177 4.2438874
-5.1918015 3.0315218
-6.2474527 4.270646
-2.8747668 4.916697
4.054294 -4.8787885
-5.024167 4.0839057
-2.992929 2.672842
-5.1931796 3.8400578
5.5766735 -5.0937805
-5.9841704 6.6329284
-6.106174 7.4603696
5.379371 -4.061916
-4.607519 5.942869
-9.668421 11.369194
-2.3761935 4.601286
5.0679026 -3.5522368
-4.075173 4.516312
-7.4246087 6.904948
3.0732973 -2.202343
-5.7793756 4.8411503
-5.207705 2.7349415
4.021414 -2.4236052
3.4700854 -1.6452674
3.9426563 -2.5439484
-8.635601 5.065011
3.1950119 -3.4497542
7.7698474 -7.468529
11.032976 -9.7695675
-6.4850407 8.366079
-6.0857577 3.728716
1.2525965 -2.488031
-7.304441 4.321099
3.5913944 -5.11838
5.352695 -5.3389516
3.1233437 -4.7995963
-2.8165622 2.6144733
3.325461 -2.1203701
4.3266125 -4.5531254
-7.3484035 5.1887493
6.6796274 -3.4358563
-5.2395897 5.0914917
2.5907435 -5.1882415
3.5897563 -3.7545278
3.5065713 -3.1421587
-6.203253 8.127442
5.6762075 -7.2373776
-3.817903 5.0816526
3.2394068 -2.022482
3.5765576 -4.593408
3.3688269 -4.4412827
5.124387 -4.7570133
-10.476998 11.012253
2.873063 -3.0115938
4.472964 -4.125447
-4.804697 4.9548855
