-3.8482363 4.6758776
2.9657676 -3.5528805
2.1807613 -2.9197707
5.5207186 -3.9927132
4.3971477 -5.0110717
-4.277597 2.7432005
4.608148 -3.5384936
5.2923594 -2.8739865
-5.061365 4.8201127
-4.87113 4.193598
-5.1218753 2.9614346
-6.322345 4.3455076
-2.9634023 5.0052166
3.8254325 -4.649848
-5.2368293 4.2965517
-3.066586 2.7464702
-5.102481 3.7491593
5.807427 -5.3245387
-5.89439 6.5431433
-6.3185644 7.6727552
5.439542 -4.12209
-4.5946527 5.929992
-10.252618 11.953385
-2.116357 4.3411374
5.2083244 -3.6930153
-4.208249 4.649363
-7.7626753 7.24301
3.0250657 -2.1541405
-6.0086155 5.0703645
-5.1706967 2.6981745
4.090783 -2.4927375
3.4415393 -1.6166321
3.9217477 -2.523091
-8.358593 4.7872753
3.2805338 -3.5352988
7.7244844 -7.423169
11.191885 -9.92848
-6.5064983 8.386663
-6.196291 3.838862
1.128801 -2.3642087
-7.473481 4.490135
3.5455928 -5.0727887
5.735295 -5.7215557
3.0756783 -4.7519364
-2.861039 2.6589208
3.261535 -2.0564654
4.462454 -4.688975
-7.484905 5.3252463
6.6715174 -3.4278579
-5.345137 5.1970353
2.5105927 -5.108203
3.5781224 -3.7429152
3.6239445 -3.259559
-6.353403 8.27706
6.3903704 -7.951542
-3.7546728 5.018206
3.2652426 -2.0482397
3.6652932 -4.682223
3.422548 -4.494916
5.119552 -4.7521844
-10.659118 11.194374
2.8810456 -3.0195982
4.4524794 -4.1050396
-4.9277086 5.0778885
