-3.8720126 4.699747
3.0009718 -3.5880742
2.24762 -2.9866185
5.511547 -3.983336
4.3822846 -4.9962063
-4.283839 2.7493293
4.619355 -3.5497022
5.3161917 -2.8978364
-5.057314 4.816072
-4.915233 4.237703
-5.1908216 3.0303764
-6.24113 4.264305
-2.9609952 5.0026584
3.9283934 -4.752706
-5.1263447 4.1860704
-3.0539439 2.733843
-5.1610093 3.8078527
5.8004084 -5.317521
-5.9418077 6.5905657
-6.1993484 7.553544
5.4145823 -4.097127
-4.5932875 5.928627
-10.021447 11.722217
-2.2329023 4.4580374
5.149552 -3.63421
-4.186465 4.6275935
-7.6910243 7.1713614
3.0295475 -2.1586087
-5.975501 5.037258
-5.140313 2.6676416
4.051306 -2.453524
3.450019 -1.6251471
3.9726586 -2.5739636
-8.641456 5.070597
3.258686 -3.5134404
7.7548637 -7.4535475
10.963517 -9.700112
-6.2681556 8.148874
-6.086141 3.7288845
1.175515 -2.4109254
-7.09935 4.116005
3.571001 -5.0980506
5.620845 -5.6071043
3.1534219 -4.8296537
-2.8429894 2.6408827
3.2683206 -2.063239
4.3679457 -4.594465
-7.396864 5.2372093
6.6427493 -3.3988702
-5.178326 5.030229
2.5101027 -5.1075835
3.5720816 -3.7368658
3.4737072 -3.1093102
-6.357384 8.281202
6.144602 -7.705775
-3.7883334 5.0519967
3.2458434 -2.0288563
3.654233 -4.6709533
3.3570065 -4.4294076
5.135044 -4.7676725
-10.673913 11.209167
2.8798857 -3.018427
4.452669 -4.105157
-4.9529533 5.103138
