-3.8564446 4.683988
2.9484982 -3.535614
2.1902175 -2.9292302
5.503166 -3.975133
4.3707414 -4.9846654
-4.286425 2.7520864
4.578102 -3.5084646
5.29856 -2.8802276
-5.0365205 4.7952657
-4.9814405 4.3039074
-5.080022 2.9195147
-6.3419113 4.36507
-2.9796946 5.021434
3.7959807 -4.620401
-5.1447372 4.204458
-3.0807245 2.7606068
-5.0914164 3.738139
5.7957435 -5.3128552
-5.8523636 6.5011168
-6.3589606 7.7131515
5.382382 -4.064932
-4.5067053 5.842045
-10.063689 11.764457
-2.0819213 4.3066278
5.206537 -3.6911864
-4.2209444 4.662058
-7.8648806 7.3452153
3.0119467 -2.1410236
-6.0371237 5.0988684
-5.100331 2.627864
4.119611 -2.521468
3.4196408 -1.5946724
3.933383 -2.5347304
-8.393038 4.8217297
3.2747154 -3.5294824
7.7642083 -7.4628944
11.36492 -10.101516
-6.4482536 8.328493
-6.282881 3.9254625
1.1799958 -2.4153683
-7.4975305 4.5141845
3.573441 -5.1006722
5.7591057 -5.745367
3.1044126 -4.7806573
-2.8845084 2.682388
3.2989469 -2.093879
4.497235 -4.723756
-7.487052 5.3273935
6.621785 -3.37819
-5.3531175 5.2050166
2.518813 -5.1164327
3.5699773 -3.7347722
3.6372685 -3.272887
-6.3478804 8.271485
6.592813 -8.153928
-3.751631 5.0152507
3.2445772 -2.02758
3.6632655 -4.680233
3.4249504 -4.497192
5.1043983 -4.7370305
-10.742696 11.277953
2.8653963 -3.0039515
4.406915 -4.0594754
-4.9782834 5.1284623
