-3.8494756 4.6771083
2.9643536 -3.5514627
2.1988387 -2.9378462
5.469389 -3.941295
4.464002 -5.077925
-4.295931 2.7615361
4.5965023 -3.5269127
5.3118525 -2.8934665
-5.0692368 4.8279867
-4.9280953 4.250563
-5.100255 2.9398606
-6.3044844 4.3276505
-2.9743059 5.016124
3.886449 -4.710892
-5.0634823 4.123204
-3.0612986 2.7411864
-5.0880723 3.7348413
5.831023 -5.348135
-5.9414334 6.590188
-6.3247204 7.678911
5.427241 -4.1097894
-4.657509 5.992849
-10.08404 11.784807
-2.170127 4.3951178
5.1384764 -3.623299
-4.203831 4.644948
-7.633783 7.114118
3.0096877 -2.1387599
-6.015249 5.0769987
-5.14004 2.6673458
4.103286 -2.505368
3.4200962 -1.5952146
3.9533827 -2.5547228
-8.418834 4.8476925
3.2468858 -3.5016468
7.7432814 -7.441966
11.128969 -9.865564
-6.537243 8.417523
-6.17094 3.8135855
1.1740941 -2.4094234
-7.3221226 4.338776
3.5058281 -5.0329394
5.6853037 -5.6715655
3.1066134 -4.782891
-2.8699224 2.6678061
3.2734537 -2.06838
4.41986 -4.6463814
-7.5216036 5.361946
6.6451316 -3.4014432
-5.1922154 5.0441127
2.5144508 -5.111927
3.6013033 -3.7660952
3.581544 -3.2171571
-6.315563 8.239424
6.2445893 -7.8057647
-3.7503486 5.0138288
3.2586868 -2.0416718
3.682786 -4.699684
3.4107437 -4.4830933
5.1258 -4.7584314
-10.682229 11.217484
2.8640351 -3.0025847
4.3622136 -4.0147753
-4.8910403 5.0412188
