-3.9196665 4.7475805
3.0930247 -3.6801229
2.283035 -3.0220263
5.55615 -4.0278707
4.4134083 -5.0273285
-4.2661004 2.7317302
4.5904207 -3.520883
5.285129 -2.8668542
-5.0992775 4.8580394
-4.8602047 4.1826754
-5.1836886 3.0233066
-6.2246737 4.247857
-2.9166892 4.958553
4.032534 -4.8570366
-5.003015 4.062747
-3.029928 2.7098339
-5.197055 3.8438213
5.6817794 -5.1988893
-5.9681497 6.6169076
-6.172349 7.5265446
5.382483 -4.0650277
-4.6216784 5.957023
-10.107761 11.808533
-2.303213 4.528498
5.0855107 -3.5699883
-4.1178446 4.558976
-7.7578115 7.2381506
3.0291831 -2.1582386
-5.925241 4.987005
-5.159035 2.6863506
4.0418744 -2.4439394
3.4821117 -1.6572864
3.945016 -2.5463147
-8.509059 4.9381604
3.251432 -3.5061803
7.7515273 -7.4502077
10.8582945 -9.594888
-6.4485726 8.329527
-6.155014 3.797885
1.1902028 -2.4256756
-7.193774 4.21043
3.5349393 -5.061895
5.4752817 -5.4615383
3.1346028 -4.8107853
-2.8370461 2.6349497
3.265818 -2.0607328
4.2842226 -4.5107374
-7.3089347 5.149281
6.6924863 -3.4484649
-5.171053 5.022958
2.5425384 -5.1399446
3.5837379 -3.748516
3.4558187 -3.0914118
-6.293692 8.217721
5.8503914 -7.411563
-3.8066845 5.070452
3.2316809 -2.0147202
3.6002138 -4.6169667
3.3599691 -4.43239
5.116192 -4.748821
-10.492957 11.028211
2.8768632 -3.0153997
4.511296 -4.16378
-4.760944 4.9111314
