-3.8578324 4.6854396
3.0044446 -3.5915515
2.1975281 -2.9365337
5.5244226 -3.9962559
4.432399 -5.046321
-4.3058662 2.7714329
4.5956097 -3.5259376
5.3240447 -2.905644
-5.0758452 4.834599
-4.9469547 4.2694216
-5.153883 2.9935288
-6.270969 4.2941365
-2.9471366 4.9889317
3.8769848 -4.701381
-5.09707 4.156792
-3.0706866 2.7505772
-5.093457 3.7402105
5.7295036 -5.2466154
-5.862891 6.5116477
-6.240517 7.594709
5.5207624 -4.20331
-4.5624247 5.897765
-10.186522 11.887289
-2.1846347 4.409672
5.221438 -3.706274
-4.1907725 4.6318936
-7.703395 7.183731
3.02971 -2.15878
-6.0144143 5.0761647
-5.129179 2.656512
4.031382 -2.4334757
3.4548404 -1.6299208
3.9710467 -2.572382
-8.459522 4.888345
3.2704647 -3.5252254
7.7009826 -7.399667
11.182047 -9.918642
-6.6842055 8.564615
-6.191819 3.8344765
1.1639795 -2.3992846
-7.386134 4.402787
3.50198 -5.028968
5.5972366 -5.583497
3.1408207 -4.8170366
-2.8819928 2.6798794
3.328224 -2.1231482
4.4468503 -4.6733704
-7.4157486 5.256091
6.631442 -3.387659
-5.1515937 5.003492
2.4759424 -5.073389
3.5760627 -3.740852
3.554428 -3.1900387
-6.299048 8.222787
6.2814894 -7.8426647
-3.7449641 5.008514
3.2357433 -2.0187259
3.6410873 -4.6578803
3.391489 -4.4639025
5.0077953 -4.640425
-10.527138 11.062392
2.838665 -2.977213
4.4250793 -4.077589
-4.8809266 5.0311065
