-3.880761 4.7082143
2.8657978 -3.4529192
2.1827438 -2.9217665
5.5512238 -4.0232058
4.4530582 -5.066986
-4.250342 2.7161489
4.625196 -3.5553887
5.167876 -2.7495856
-5.0498657 4.8085933
-5.091954 4.414419
-5.001182 2.840383
-6.437526 4.4606767
-2.8895655 4.9313316
3.7546287 -4.5790467
-5.1969304 4.2566514
-3.055948 2.735821
-5.1089597 3.7559876
5.9536595 -5.470773
-5.880951 6.529704
-6.4053125 7.7594986
5.354942 -4.0374975
-4.485496 5.820834
-10.154335 11.855101
-1.949985 4.174626
5.1125836 -3.5972726
-4.3947597 4.8358617
-7.638248 7.11858
3.043462 -2.172548
-5.9810815 5.0428123
-5.2158637 2.7434554
4.1316056 -2.5336597
3.4489038 -1.6239284
3.928833 -2.530189
-8.43475 4.8634353
3.2819364 -3.5367095
7.755871 -7.4545584
11.891494 -10.628091
-6.438366 8.317828
-6.271886 3.91451
1.2181273 -2.4535067
-7.428058 4.444711
3.5359533 -5.063183
5.7970867 -5.7833495
3.056952 -4.733181
-2.9096959 2.707567
3.3363657 -2.1313052
4.391791 -4.618315
-7.3043065 5.144647
6.612409 -3.3685708
-5.379505 5.2314034
2.5206242 -5.1181417
3.5442746 -3.7090776
3.7195594 -3.3551886
-6.3814583 8.305164
6.758327 -8.319186
-3.7296066 4.9931874
3.2084296 -1.991441
3.7197871 -4.7366486
3.4406807 -4.512631
5.0569267 -4.689561
-10.731728 11.266987
2.8504407 -2.989003
4.4399533 -4.092516
-5.0927205 5.242897
