-3.9484859 4.776459
3.1082687 -3.6953592
2.3563824 -3.0953681
5.529688 -4.0014143
4.3221936 -4.936112
-4.266331 2.7319243
4.6302733 -3.5607793
5.2558265 -2.8375142
-5.116972 4.875746
-4.926485 4.248954
-5.2211833 3.060949
-6.279258 4.3024516
-2.874315 4.9162188
4.066371 -4.8908644
-5.0848184 4.144559
-3.0376153 2.7175312
-5.1755137 3.822386
5.6224723 -5.1395793
-5.996998 6.645756
-6.100697 7.454894
5.3423615 -4.024907
-4.6098 5.9451513
-9.62586 11.326634
-2.424099 4.649155
5.0912914 -3.5757053
-4.0749683 4.516109
-7.339648 6.8199887
3.0619872 -2.1910307
-5.7741284 4.835905
-5.1795373 2.7068346
4.046984 -2.449158
3.5052292 -1.680354
3.9846675 -2.585975
-8.586292 5.015798
3.1843379 -3.4390783
7.7740235 -7.4727035
11.044184 -9.780776
-6.4095182 8.290632
-6.0341306 3.6770363
1.235969 -2.4713511
-7.2396235 4.256282
3.579181 -5.1060004
5.360453 -5.3467097
3.1163924 -4.792607
-2.7812848 2.5791974
3.2728896 -2.0677958
4.3021045 -4.5286164
-7.3491116 5.1894584
6.599045 -3.3553624
-5.2001715 5.0520725
2.5405965 -5.13817
3.6161757 -3.7809448
3.4922514 -3.127837
-6.0870824 8.011139
5.7260766 -7.2872467
-3.7913299 5.0551124
3.2469082 -2.0299575
3.552371 -4.5692077
3.340398 -4.412982
5.111145 -4.7437706
-10.568266 11.10352
2.822798 -2.9613268
4.467676 -4.120158
-4.7634616 4.9136496
