-3.8400884 4.6676593
2.9281857 -3.5153053
2.1698265 -2.9088423
5.5706606 -4.042633
4.3494325 -4.9633594
-4.296018 2.7617292
4.5835733 -3.5139
5.2529936 -2.834631
-5.055358 4.814095
-5.0099993 4.332465
-5.0497046 2.8890274
-6.381972 4.4051266
-2.9038754 4.9456825
3.7753923 -4.5998077
-5.141915 4.201637
-3.0824823 2.7623587
-5.1227994 3.769869
5.9261155 -5.443229
-5.950086 6.5988383
-6.389112 7.7433014
5.429132 -4.1116824
-4.5500736 5.885413
-10.134792 11.83556
-2.019321 4.2438726
5.2033787 -3.6881645
-4.2988424 4.7399497
-7.6059885 7.086323
3.0493684 -2.17845
-5.9790463 5.0407834
-5.1717753 2.6994667
4.1280594 -2.5299857
3.4399118 -1.6149287
3.9691486 -2.5704987
-8.352171 4.7809772
3.2547991 -3.5095708
7.7015166 -7.4002037
11.611972 -10.348569
-6.3999505 8.279778
-6.3064065 3.9489262
1.2004936 -2.435822
-7.371482 4.388134
3.5718617 -5.098992
5.7267356 -5.7129984
3.1132143 -4.789554
-2.9363315 2.734208
3.3176951 -2.112632
4.5032134 -4.7297354
-7.286624 5.1269655
6.6466928 -3.4028623
-5.4265294 5.2784286
2.52174 -5.119398
3.5874715 -3.7522697
3.6747699 -3.3103914
-6.343274 8.267134
6.6824727 -8.243349
-3.749104 5.012688
3.244263 -2.0272586
3.6822007 -4.6990833
3.448555 -4.520773
5.125482 -4.7581153
-10.596123 11.13138
2.837078 -2.975636
4.396398 -4.0489593
-5.0069404 5.157118
