-3.891309 4.7187314
2.8464499 -3.433574
2.189874 -2.9288993
5.6004906 -4.0724688
4.3429723 -4.9569016
-4.2414165 2.7071915
4.542094 -3.4722056
5.1464434 -2.7280936
-5.0581117 4.816837
-5.110241 4.432705
-4.985264 2.8244627
-6.482921 4.5060678
-2.8578942 4.8996277
3.7026217 -4.5270877
-5.0919437 4.1516657
-3.059036 2.7389045
-5.1000557 3.7471533
5.940883 -5.457998
-5.915214 6.5639663
-6.4910026 7.8451886
5.3269324 -4.0094905
-4.563281 5.8986177
-10.082134 11.7829
-1.9944953 4.219207
5.193347 -3.6781511
-4.421911 4.863011
-7.6212034 7.101535
3.065965 -2.1950529
-5.964389 5.0261183
-5.1976223 2.7251818
4.1203694 -2.5225194
3.4385905 -1.6136291
3.9005792 -2.5019395
-8.460408 4.8888173
3.25873 -3.513506
7.8095527 -7.5082393
11.750585 -10.487182
-6.5629177 8.442377
-6.3230987 3.9656713
1.1883277 -2.423717
-7.42453 4.4411836
3.5054371 -5.032714
5.778851 -5.7651153
3.0902278 -4.7664866
-2.9339073 2.7317753
3.3212872 -2.1162295
4.415619 -4.642143
-7.3885207 5.2288613
6.586322 -3.3424764
-5.5829597 5.434857
2.500763 -5.098131
3.532511 -3.6973174
3.697899 -3.3335307
-6.3925605 8.31617
6.8483357 -8.409429
-3.7355843 4.9991465
3.2264469 -2.0094597
3.739749 -4.7566175
3.4449224 -4.5168204
5.0143375 -4.6469727
-10.832497 11.367756
2.79627 -2.9348342
4.4990563 -4.1516223
-5.0873866 5.2375607
