-3.8938215 4.721634
3.0883715 -3.6754708
2.2830138 -3.0220065
5.5540013 -4.025753
4.3951435 -5.009064
-4.263032 2.728667
4.577069 -3.5074348
5.299504 -2.881199
-5.0620985 4.82086
-4.87685 4.199321
-5.163753 3.0033674
-6.213959 4.23714
-2.9457426 4.987553
3.972787 -4.797246
-5.1699886 4.22972
-3.0063756 2.6862807
-5.1727114 3.8195167
5.7073054 -5.224416
-5.905516 6.554274
-6.2950172 7.649213
5.4855323 -4.168078
-4.605046 5.940389
-9.803296 11.504066
-2.3100162 4.5352483
5.0853963 -3.5698476
-4.1063743 4.547505
-7.548216 7.028554
3.0283742 -2.1574311
-5.9209495 4.9827127
-5.151666 2.6789477
4.0596247 -2.4618535
3.4776008 -1.6527823
3.959837 -2.5611384
-8.557085 4.9862494
3.277288 -3.532039
7.856187 -7.5548687
10.649399 -9.385993
-6.358962 8.239738
-6.179217 3.8220682
1.2031462 -2.4386215
-7.229981 4.246637
3.600365 -5.127315
5.5971775 -5.5834346
3.1608055 -4.837011
-2.8209577 2.6188586
3.263753 -2.0586696
4.2968993 -4.523414
-7.382203 5.222549
6.60896 -3.3650336
-5.1714387 5.0233426
2.5238013 -5.121248
3.5962334 -3.7610135
3.4635208 -3.0991175
-6.352375 8.276219
5.8883166 -7.4494886
-3.802865 5.066588
3.2475364 -2.030589
3.6399035 -4.6566358
3.3558092 -4.4281864
5.1324306 -4.7650585
-10.614879 11.150132
2.92008 -3.0586178
4.500837 -4.153322
-4.909893 5.0600777
