-3.8667312 4.694184
2.919535 -3.5066557
2.1638637 -2.9028823
5.559928 -4.0319004
4.3590326 -4.972959
-4.2639904 2.7297459
4.5763 -3.5066504
5.20005 -2.7816453
-5.0667286 4.82546
-5.084049 4.406515
-5.042945 2.882162
-6.4020395 4.4251914
-2.8861344 4.927887
3.7617269 -4.5860996
-5.159262 4.2189827
-3.1034577 2.7833326
-5.117334 3.7643452
5.973143 -5.4902577
-5.922048 6.5708003
-6.452303 7.8064904
5.4487066 -4.131258
-4.528545 5.8638844
-10.078136 11.778904
-2.0111337 4.235728
5.155187 -3.639913
-4.2919984 4.7331047
-7.626045 7.106378
3.0083735 -2.137458
-5.9970384 5.0587716
-5.179323 2.7068446
4.138707 -2.540722
3.4633756 -1.638406
3.9202278 -2.5215805
-8.453181 4.882044
3.250219 -3.5049925
7.764954 -7.4636407
11.602351 -10.338947
-6.4709487 8.350638
-6.340314 3.982883
1.1814475 -2.4168067
-7.5130544 4.529707
3.557748 -5.0848603
5.7314353 -5.7176986
3.0841548 -4.7604055
-2.9119742 2.7098486
3.3161502 -2.1110876
4.46374 -4.690263
-7.342552 5.1828938
6.565666 -3.3218684
-5.386971 5.23887
2.5130332 -5.1106076
3.5561879 -3.720989
3.693359 -3.3289833
-6.507059 8.430779
6.8023753 -8.36326
-3.7499228 5.0134645
3.2436714 -2.0266728
3.7107065 -4.727583
3.424953 -4.496964
5.123759 -4.756393
-10.7319565 11.267214
2.8136017 -2.9521608
4.4979305 -4.150492
-5.1257 5.275877
