-3.8779554 4.705588
3.0057585 -3.592864
2.2045796 -2.9435818
5.5594783 -4.0313196
4.456669 -5.070592
-4.3062167 2.7718406
4.5975666 -3.5278416
5.3155837 -2.8972397
-5.05288 4.8116345
-4.9715676 4.294036
-5.175068 3.0146592
-6.2499814 4.2731524
-2.950474 4.992286
3.9023423 -4.7267504
-5.088925 4.1486487
-3.1042008 2.7840955
-5.1007113 3.7474496
5.7424145 -5.259527
-5.934629 6.5833855
-6.179432 7.5336256
5.423822 -4.1063685
-4.569499 5.9048386
-10.13664 11.83741
-2.2466557 4.471727
5.1182117 -3.602943
-4.1674633 4.6085873
-7.877283 7.357621
2.9841456 -2.113213
-5.997153 5.0589046
-5.168204 2.6955314
4.0664964 -2.4686182
3.4567463 -1.6318138
3.966238 -2.5675724
-8.443434 4.8724756
3.260371 -3.5151293
7.6606236 -7.3593073
11.151039 -9.887634
-6.376346 8.25676
-6.113757 3.756451
1.1790413 -2.414397
-7.3440466 4.3606997
3.5198672 -5.046866
5.627917 -5.6141777
3.1564026 -4.832574
-2.8638716 2.6617606
3.3086402 -2.1035619
4.455729 -4.682249
-7.4232984 5.2636414
6.640723 -3.3969152
-5.2734075 5.125306
2.5353537 -5.1328464
3.5784807 -3.743269
3.5454257 -3.1810343
-6.474095 8.397817
6.1053696 -7.666544
-3.7529407 5.016616
3.2290595 -2.0120642
3.645492 -4.6622767
3.3791618 -4.4514995
5.0717163 -4.7043457
-10.534634 11.069887
2.9018545 -3.040401
4.414129 -4.0666385
-4.9698067 5.1199875
