-3.9115174 4.739388
3.1116307 -3.6987271
2.2834015 -3.02239
5.524932 -3.9966164
4.3592696 -4.9731894
-4.271867 2.7374353
4.626357 -3.5567405
5.2788095 -2.8605058
-5.0804915 4.839258
-4.8211317 4.1436014
-5.155455 2.9951262
-6.2287545 4.2519417
-2.8985355 4.940344
4.034725 -4.859225
-5.0490546 4.108787
-3.0181804 2.6980894
-5.2073364 3.8541808
5.7028193 -5.2199283
-5.908703 6.557461
-6.0824466 7.436642
5.3887734 -4.0713205
-4.6256022 5.960948
-9.847868 11.548639
-2.318709 4.543918
5.12562 -3.610181
-4.1061177 4.54725
-7.681593 7.1619325
3.0050058 -2.134059
-5.8652425 4.9270096
-5.1860785 2.7132647
3.9935763 -2.3955872
3.4769075 -1.6520987
3.951272 -2.5525682
-8.594049 5.0232387
3.2451196 -3.4998662
7.8227243 -7.5214047
11.046912 -9.7835045
-6.464832 8.345676
-6.1781907 3.8211257
1.1992024 -2.4346416
-7.2074738 4.2241297
3.5765226 -5.103518
5.5205226 -5.5067787
3.0881958 -4.7643414
-2.8041716 2.6020777
3.3098881 -2.104801
4.294534 -4.5210485
-7.2553926 5.095739
6.597193 -3.3532672
-5.229494 5.081397
2.5015981 -5.099077
3.5739274 -3.7387033
3.4509687 -3.086559
-6.2095146 8.133652
5.7664733 -7.327644
-3.807897 5.0716834
3.2314472 -2.0145104
3.6029944 -4.619737
3.3558922 -4.4283495
5.066215 -4.698844
-10.556041 11.091293
2.8428245 -2.981359
4.4674025 -4.1198854
-4.869987 5.0201745
