-3.4933121 4.6421385
-11.238842 9.395392
5.7711186 -6.0449867
2.4987092 -2.6023173
-3.4296708 1.6465578
-5.0179715 6.381836
1.8996502 -2.6999633
-2.2964373 1.0642333
3.7099755 -3.110179
1.3294827 -2.532425
3.853039 -2.1146863
-2.0826087 2.1569676
2.7364562 -2.0483286
2.590761 -2.0293965
2.0349207 -1.9315735
2.5341675 -1.9551138
-2.1512876 2.386053
2.1037142 -4.5299425
-2.4679594 1.3147992
2.0730255 -2.5318143
2.6616488 -3.2018828
2.5345638 -2.8962884
-5.669706 5.0108943
2.2043796 -1.4685858
-1.0724963 2.058407
6.1893606 -7.0637455
-3.1970646 1.6713672
-1.1528355 3.681434
-4.985958 4.631562
3.0170302 -2.3235877
-0.9903454 2.7189052
-3.4256265 3.1908476
-3.082423 2.407101
-1.9388466 2.5657442
2.2216992 -2.052729
-2.5918636 2.102725
-2.4342077 1.8706874
1.8804858 -2.4886384
-4.534093 5.05419
-6.687957 6.711182
-2.6548827 2.386029
6.5581803 -8.012637
-2.8998303 2.9098253
-4.921253 0.05411128
-3.0886354 2.7271485
2.0430934 -1.1898338
-4.1741357 0.6785471
-2.449706 4.213218
3.5143328 -1.4308041
-4.5271254 1.0868709
4.0411325 -4.6110196
4.3751354 -4.8144126
-2.4151008 2.7630873
1.7570064 -2.8900695
2.8861356 -1.8187935
2.3530838 -2.010566
7.779377 -3.5311773
2.8091657 -3.3747807
-2.858043 0.84071547
5.105373 -6.728766
-2.4733465 2.1453338
-1.4684694 3.3617113
3.1893754 -5.194604
-6.3970413 5.520925
