-3.8794816 4.7075434
3.0969713 -3.68404
2.4751878 -3.214151
5.4900193 -3.9618397
4.242231 -4.8561397
-4.328589 2.7940788
4.5965486 -3.5270941
5.1002893 -2.6822422
-5.224974 4.983764
-4.794723 4.1171975
-5.253343 3.0930417
-6.3066792 4.32989
-2.9438071 4.9860573
4.0542607 -4.8787417
-4.943166 4.0027537
-3.0237455 2.7036784
-5.175547 3.8224883
5.4159775 -4.933076
-6.254223 6.90298
-6.333727 7.6879263
5.3382816 -4.020743
-4.622433 5.957786
-9.520814 11.22159
-2.4791224 4.703784
4.995417 -3.4796724
-3.8597229 4.301021
-7.0314064 6.511751
3.0735462 -2.2025726
-5.6199484 4.681749
-5.267456 2.7941794
3.967955 -2.3701172
3.5033996 -1.6785063
3.9373379 -2.5386083
-8.47842 4.9083037
3.1880977 -3.4428198
7.593376 -7.292055
10.712936 -9.449528
-6.5385065 8.420009
-5.912046 3.5549676
1.226364 -2.4617596
-7.511211 4.527873
3.5516412 -5.07833
5.1112194 -5.097475
3.0697794 -4.746116
-2.7042148 2.5021436
3.2613094 -2.0562022
4.151727 -4.3782334
-7.237797 5.078148
6.5908833 -3.347117
-5.1574025 5.0093074
2.4779568 -5.0757327
3.565106 -3.7298632
3.6376493 -3.2732165
-6.0465884 7.97128
5.272623 -6.8337913
-3.6244025 4.8879685
3.2340567 -2.0170615
3.5912073 -4.608031
3.193936 -4.266166
4.9821773 -4.614799
-10.382751 10.918011
2.8237183 -2.9622285
4.4647446 -4.1172485
-4.7455153 4.8957095
