-3.9203033 4.7482777
3.1501675 -3.7372487
2.3937879 -3.1327658
5.5188613 -3.9905663
4.3225503 -4.9364667
-4.27066 2.736016
4.6179447 -3.5485651
5.1414905 -2.7232742
-5.111562 4.870343
-4.8895125 4.2119823
-5.218581 3.0582857
-6.3259683 4.3491693
-2.95546 4.997564
4.067534 -4.892021
-4.9836745 4.043405
-3.0262012 2.706124
-5.183462 3.830448
5.53367 -5.050773
-6.0559425 6.7047
-6.12146 7.4756584
5.3684177 -4.0509353
-4.563408 5.8987617
-9.495786 11.196562
-2.4180148 4.6429915
4.9636297 -3.4480362
-3.9402578 4.381498
-7.1496906 6.630034
3.0667276 -2.1957667
-5.6184664 4.680252
-5.2440724 2.7712615
3.9953938 -2.3976486
3.4930186 -1.6681484
3.9807806 -2.5820668
-8.645535 5.0752125
3.1974463 -3.4521801
7.7941866 -7.4928684
11.014846 -9.751439
-6.6134367 8.494544
-6.0297513 3.6727064
1.223847 -2.4592152
-7.2261877 4.2428474
3.5417526 -5.0685635
5.3289294 -5.315185
3.0699372 -4.746129
-2.7411978 2.5391178
3.2636366 -2.0585384
4.2302513 -4.4567623
-7.368268 5.2086186
6.708548 -3.4649415
-5.188329 5.040232
2.5559752 -5.1536007
3.597801 -3.762567
3.5687423 -3.20432
-6.036225 7.960432
5.5260663 -7.0872374
-3.7595205 5.0233264
3.2260346 -2.0089953
3.5834374 -4.600391
3.291017 -4.3634224
5.134913 -4.7675376
-10.332119 10.867376
2.846751 -2.9852707
4.41361 -4.0660872
-4.841901 4.99209
