-3.8861992 4.7140884
3.1400292 -3.7271044
2.4121015 -3.151071
5.490413 -3.962161
4.2839737 -4.8978863
-4.317512 2.782819
4.6440473 -3.574661
5.0815244 -2.6634827
-5.1541615 4.9129477
-4.816234 4.1387053
-5.2100067 3.0497854
-6.2915134 4.314721
-2.9243433 4.9664683
4.059641 -4.8841243
-4.9416175 4.0012946
-3.0299287 2.7098582
-5.1893716 3.8363411
5.537031 -5.054131
-6.2657623 6.9145193
-6.3657193 7.7199183
5.36761 -4.050151
-4.54809 5.8834434
-9.522425 11.2232
-2.396571 4.621363
5.057283 -3.541657
-3.913417 4.3548074
-7.136298 6.616641
3.0615695 -2.1906028
-5.5894513 4.6512465
-5.204749 2.7317176
3.9995193 -2.4016857
3.5144446 -1.6895467
3.9743788 -2.5756538
-8.4977455 4.9273663
3.1782987 -3.4330242
7.712576 -7.4112563
10.825921 -9.562512
-6.4589934 8.340024
-6.019368 3.6623194
1.2306968 -2.4660542
-7.2735972 4.2902575
3.55797 -5.084711
5.127193 -5.1134486
3.1075206 -4.7838464
-2.7065015 2.5044265
3.273325 -2.0682197
4.2445683 -4.471076
-7.353671 5.194022
6.710203 -3.4665017
-5.210778 5.062681
2.487947 -5.085676
3.583273 -3.7480326
3.5797448 -3.2153172
-6.017156 7.9416766
5.515242 -7.0764112
-3.6672485 4.9309187
3.2148798 -1.9978818
3.6039474 -4.6210203
3.2139626 -4.286161
5.1024632 -4.735086
-10.441213 10.976471
2.8509285 -2.9894426
4.477396 -4.129899
-4.8802567 5.0304494
