-3.9101918 4.7380495
3.1224446 -3.7095222
2.4428673 -3.1818397
5.4899297 -3.9616601
4.1916933 -4.805608
-4.303744 2.7691228
4.6403184 -3.5709374
5.1287355 -2.7105727
-5.1418543 4.900638
-4.779787 4.1022573
-5.237012 3.0768237
-6.2878847 4.31109
-2.9000213 4.942113
4.0653024 -4.8897886
-4.952775 4.012496
-3.0314717 2.7113996
-5.156539 3.8035738
5.5144644 -5.0315647
-6.186437 6.835195
-6.1392965 7.493495
5.336216 -4.018765
-4.575678 5.9110317
-9.559923 11.260698
-2.4290044 4.6539173
5.03915 -3.5236273
-3.9408767 4.38223
-7.1766167 6.656959
3.058647 -2.1876817
-5.6199203 4.681713
-5.2269363 2.753952
3.9888177 -2.3909993
3.4635997 -1.6387352
3.9672675 -2.5685515
-8.508873 4.9385843
3.1782043 -3.4329333
7.754004 -7.452685
10.711509 -9.448102
-6.5034633 8.38455
-5.933887 3.5768828
1.224942 -2.4603431
-7.273151 4.2898107
3.5232582 -5.050016
5.20542 -5.1916757
3.1052527 -4.781626
-2.715065 2.512987
3.2676702 -2.0625677
4.261562 -4.4880705
-7.3454275 5.1857786
6.714386 -3.4706047
-5.172722 5.024625
2.5147111 -5.1123776
3.5657647 -3.7305253
3.5559962 -3.19157
-6.088379 8.012774
5.650309 -7.211479
-3.7031395 4.966936
3.245804 -2.0287848
3.5701146 -4.5870953
3.2539604 -4.3262696
5.041947 -4.6745706
-10.332952 10.868209
2.8285275 -2.9670434
4.4152374 -4.0677395
-4.713198 4.8633895
