-3.9119563 4.739946
3.128795 -3.7158787
2.394298 -3.1332781
5.4466033 -3.9183402
4.230971 -4.8448873
-4.306805 2.7723396
4.5485554 -3.4791396
5.1773868 -2.7590992
-5.1310554 4.889835
-4.8767505 4.19922
-5.1986938 3.0384083
-6.29784 4.321039
-2.9140482 4.9560757
4.07592 -4.9004087
-4.9707804 4.0305266
-3.0190945 2.699015
-5.190115 3.8371918
5.581912 -5.0990157
-6.046672 6.69543
-5.986135 7.340332
5.376244 -4.0587926
-4.6087723 5.944127
-9.613627 11.314404
-2.4175904 4.642564
5.046109 -3.5305007
-3.9956167 4.4367814
-7.235949 6.716291
3.0553374 -2.184377
-5.6864824 4.7482686
-5.2174644 2.744693
4.027405 -2.429624
3.5089774 -1.6840833
3.951421 -2.5527241
-8.519725 4.949472
3.1958554 -3.45059
7.6978602 -7.3965416
11.08753 -9.824123
-6.54754 8.428625
-6.0002885 3.643267
1.2382257 -2.4735966
-7.311442 4.3281007
3.5575688 -5.0843816
5.350484 -5.3367395
3.100725 -4.7769103
-2.7408438 2.5387607
3.2623582 -2.0572627
4.194149 -4.420659
-7.3095384 5.1498885
6.634235 -3.3906255
-5.1338596 4.9857626
2.4505413 -5.048205
3.5924554 -3.7572227
3.544272 -3.179853
-6.146367 8.070638
5.620342 -7.181513
-3.8034725 5.0672636
3.2259846 -2.0090077
3.5814705 -4.598476
3.3348346 -4.4073615
5.0107207 -4.643346
-10.412626 10.9478855
2.8211796 -2.9597008
4.454786 -4.1072626
-4.8549995 5.005188
