-3.930203 4.7581615
3.154917 -3.7420058
2.409202 -3.1481857
5.5125213 -3.9841983
4.31755 -4.9314675
-4.265974 2.7315507
4.681807 -3.6123407
5.172486 -2.7542317
-5.1238356 4.882611
-4.9072514 4.2297206
-5.1840315 3.0237398
-6.251136 4.27433
-2.8832798 4.925208
4.0567293 -4.8812194
-5.0050383 4.0647783
-2.9995897 2.6795087
-5.179256 3.826249
5.5668006 -5.0839057
-6.0184636 6.6672215
-6.206061 7.5602574
5.4033084 -4.085856
-4.6575522 5.9929056
-9.711343 11.412118
-2.4311965 4.656249
5.0600247 -3.5444167
-4.0037084 4.4448557
-7.5067 6.987041
3.0409615 -2.1700034
-5.7213693 4.783148
-5.2339673 2.7612064
4.013107 -2.4152715
3.4956496 -1.6707385
3.9289794 -2.5302856
-8.558358 4.98786
3.2118187 -3.4665556
7.762676 -7.4613566
11.031252 -9.767845
-6.4681473 8.349043
-6.0423555 3.6852956
1.2549722 -2.4903407
-7.324942 4.341601
3.5816038 -5.108407
5.4361005 -5.422356
3.1073606 -4.7836003
-2.7577758 2.5556924
3.2806964 -2.0756023
4.3052616 -4.5317726
-7.3359 5.1762486
6.658919 -3.4152966
-5.179527 5.0314293
2.4939055 -5.0915203
3.6279666 -3.7927353
3.532551 -3.1681335
-6.114316 8.038673
5.77769 -7.3388605
-3.7901802 5.0539546
3.2422545 -2.0253017
3.567697 -4.5844984
3.3015752 -4.3742104
5.1093597 -4.741985
-10.528003 11.063259
2.8381875 -2.9767125
4.4536505 -4.1061287
-4.6558557 4.806043
