-3.877161 4.705193
3.1554039 -3.7424688
2.5349724 -3.2739313
5.51463 -3.986434
4.288142 -4.902049
-4.3483596 2.8137825
4.640707 -3.5713332
5.103177 -2.6850278
-5.2699547 5.02875
-4.798145 4.12063
-5.284178 3.1239653
-6.296859 4.3200755
-2.966817 5.009096
4.075816 -4.900297
-4.966995 4.026669
-3.0139668 2.6939013
-5.207702 3.8546722
5.4571567 -4.9742556
-6.3144197 6.9631786
-6.374335 7.728534
5.342089 -4.024611
-4.6673546 6.0027113
-9.648372 11.349147
-2.4790432 4.7037873
4.932586 -3.4168415
-3.8456535 4.2871356
-7.0449038 6.5252485
3.0474308 -2.1764526
-5.6084104 4.670214
-5.2791057 2.8058193
3.923478 -2.3256435
3.4823925 -1.6574438
3.9293895 -2.5306532
-8.453572 4.8835273
3.2160864 -3.4708042
7.5196147 -7.2182937
10.55681 -9.293401
-6.5136867 8.39511
-5.958219 3.6012282
1.209664 -2.4450643
-7.2799835 4.296647
3.540096 -5.067004
5.0953054 -5.081559
3.0689995 -4.7453885
-2.688701 2.4866364
3.235692 -2.0305848
4.16937 -4.3958745
-7.282877 5.1232295
6.5618377 -3.3177977
-5.220726 5.072632
2.4120467 -5.0097857
3.542217 -3.7069705
3.6289353 -3.264496
-5.974469 7.8991475
5.204836 -6.7660046
-3.5766306 4.8402143
3.2267203 -2.0097158
3.6346836 -4.6516395
3.1643953 -4.2366166
4.967176 -4.599796
-10.411945 10.947205
2.8671126 -3.0056179
4.4633455 -4.1158466
-4.791791 4.9419856
