-2.5210042 3.3475099
2.4261346 -3.0133882
1.3953013 -2.1343286
4.0628505 -2.5357633
4.1837025 -4.7976503
-3.1491804 1.6143935
3.0812447 -2.0116608
3.6762004 -1.2579055
-3.6459546 3.4045963
-5.199168 4.5216045
-3.5074995 1.3461246
-4.753909 2.7765954
-2.0076907 4.0490775
2.4243927 -3.2496042
-4.343968 3.4033391
-2.2153103 1.8950301
-3.434267 2.081042
4.5707197 -4.0878544
-4.1569734 4.8056946
-7.8224816 9.176681
4.6033134 -3.2859974
-3.375814 4.7109613
-6.457584 8.158498
-1.323499 3.5479605
4.247003 -2.7313857
-3.0371742 3.478254
-6.7996984 6.2790227
2.4919677 -1.6212285
-4.1642923 3.2259555
-4.261892 1.7891277
2.6079268 -1.0105495
2.81081 -0.9859029
3.2535622 -1.8552455
-6.8062787 3.235355
2.275039 -2.5299723
5.4461074 -5.145887
9.8901205 -8.626727
-4.836424 6.7146072
-4.7318845 2.3739212
0.8131059 -2.048697
-5.078973 2.0959651
1.5963354 -3.1239288
3.6463518 -3.6326423
2.3505552 -4.027833
-2.2570245 2.0547583
2.6057465 -1.4011985
3.1804855 -3.40706
-5.807726 3.648058
5.3026175 -2.058956
-4.0130115 3.864982
1.3452398 -3.9422452
2.6305974 -2.7955227
2.9739416 -2.6097167
-3.554167 5.4778733
4.495457 -6.0568643
-2.839792 4.1032667
2.900326 -1.6834824
2.7390091 -3.7562926
2.1147077 -3.1861103
3.8083353 -3.4413471
-9.143384 9.678609
1.7323747 -1.8710339
3.6033382 -3.256083
-3.427464 3.577474
