-3.9182706 4.746165
3.0862477 -3.6732914
2.5889301 -3.3278685
5.484878 -3.9566665
4.226151 -4.84005
-4.4271197 2.892429
4.6107473 -3.541286
5.0286393 -2.6103988
-5.238672 4.9974976
-4.58048 3.9031713
-5.2564497 3.0957842
-6.328319 4.351563
-3.0777946 5.1199174
4.171234 -4.9956965
-4.8677616 3.927403
-2.9985967 2.6785479
-5.255476 3.9023623
5.364975 -4.882074
-6.174699 6.823461
-6.0587673 7.4129725
5.2231717 -3.9053075
-4.7312117 6.0665755
-9.152191 10.852968
-2.5452144 4.7699285
4.9940457 -3.4781754
-3.701281 4.142869
-7.1334114 6.6137586
3.1469095 -2.2759085
-5.608409 4.6702423
-5.2219563 2.7483602
3.9326425 -2.334783
3.5355632 -1.7105632
3.9390116 -2.5402584
-8.450451 4.8804264
3.2430835 -3.4977808
7.491223 -7.1898994
10.386126 -9.122713
-6.626368 8.508077
-6.0137963 3.6568058
1.2798189 -2.5152342
-7.4364557 4.45312
3.6394475 -5.166152
5.020859 -5.007106
3.0532813 -4.7295494
-2.7119305 2.5098884
3.1931958 -1.988056
4.1523514 -4.378847
-7.3298426 5.1702027
6.449291 -3.2054355
-5.3279223 5.1798315
2.3307197 -4.9281626
3.5145383 -3.679273
3.5555885 -3.1911325
-6.042477 7.967195
5.2918773 -6.8530445
-3.5574903 4.821273
3.2464705 -2.0294564
3.7687924 -4.785491
3.040604 -4.1131573
5.0668645 -4.699479
-10.850934 11.386197
2.8855474 -3.0240335
4.372149 -4.0247645
-4.7189684 4.8691597
