-3.8914304 4.7193565
3.076316 -3.6633646
2.5811393 -3.3200831
5.509006 -3.9807422
4.213661 -4.8275614
-4.4494524 2.9148378
4.6269455 -3.557466
4.997192 -2.5789135
-5.248068 5.006887
-4.613137 3.9356592
-5.262761 3.1020768
-6.301568 4.324805
-3.103612 5.145686
4.13568 -4.960146
-4.89818 3.9577298
-2.9778874 2.657836
-5.277928 3.9248877
5.3776646 -4.8947635
-6.121944 6.770707
-6.124934 7.4791384
5.173236 -3.8554156
-4.7083335 6.043697
-9.586957 11.287735
-2.5307121 4.7554326
4.978709 -3.462686
-3.7463577 4.187838
-6.9558887 6.4362373
3.1362436 -2.265246
-5.635479 4.69731
-5.2097225 2.736103
3.965274 -2.3674195
3.514779 -1.6897653
3.9732065 -2.5744567
-8.390334 4.8204036
3.2414932 -3.496196
7.545759 -7.244436
10.6648655 -9.401453
-6.799807 8.681294
-6.027352 3.6702757
1.2495537 -2.4849854
-7.3853745 4.4020376
3.6170123 -5.1436944
5.0888834 -5.075132
3.0608025 -4.7369614
-2.7200782 2.5180323
3.1684496 -1.9632616
4.1641192 -4.390617
-7.27958 5.11994
6.3912053 -3.1474242
-5.335472 5.1873803
2.3950324 -4.992511
3.53231 -3.697049
3.5942798 -3.2298274
-6.0526595 7.97751
5.254126 -6.8152947
-3.5274034 4.7910833
3.2264118 -2.0094175
3.7475364 -4.764208
3.067587 -4.140165
5.0194917 -4.6521072
-10.766943 11.302206
2.902727 -3.0412176
4.401935 -4.0544395
-4.681436 4.831627
