-3.9151344 4.7430787
3.1149964 -3.702057
2.566999 -3.3059568
5.472563 -3.944316
4.202198 -4.816104
-4.4208198 2.8861587
4.662534 -3.5934064
5.0778933 -2.6595883
-5.25859 5.017388
-4.763299 4.085786
-5.310315 3.1499455
-6.3098817 4.333103
-3.0107806 5.0530314
4.058281 -4.88276
-4.881859 3.9415638
-2.9941902 2.6741273
-5.220124 3.8672452
5.410039 -4.9271393
-6.251428 6.900187
-6.4010205 7.755221
5.229753 -3.9122436
-4.6453023 5.980659
-9.535127 11.235902
-2.5286527 4.753463
4.9949236 -3.4790041
-3.8229291 4.2644343
-6.8823256 6.3626723
3.0852716 -2.214289
-5.5944295 4.6562395
-5.2107687 2.737474
3.9639642 -2.3661258
3.4941618 -1.6691494
3.9208734 -2.5221326
-8.373148 4.803042
3.2047517 -3.4594674
7.5460978 -7.244776
10.729356 -9.465945
-6.3608 8.242251
-6.0129814 3.6559556
1.2352494 -2.470678
-7.526353 4.543018
3.5713804 -5.0982795
5.085344 -5.0715957
3.113901 -4.7901855
-2.7343185 2.5322564
3.1923711 -1.9872727
4.175706 -4.4022064
-7.3319883 5.1723433
6.5505056 -3.3067024
-5.2688847 5.1207895
2.500486 -5.098256
3.546355 -3.7111044
3.651104 -3.2866626
-5.9246345 7.849332
5.1621404 -6.7233086
-3.548817 4.8123674
3.244179 -2.0271904
3.6634724 -4.6804423
3.1016717 -4.1739655
5.0404477 -4.6730657
-10.625301 11.1605625
2.8587377 -2.997239
4.498454 -4.150955
-4.7669353 4.9171305
