-3.8770704 4.705082
3.145213 -3.7322776
2.4964201 -3.235381
5.5039563 -3.9756856
4.2385464 -4.852454
-4.3496256 2.8150501
4.6503234 -3.5808866
5.0742497 -2.656145
-5.2500744 5.0088663
-4.826468 4.148952
-5.305839 3.1456454
-6.271609 4.294822
-2.9397502 4.982001
4.0433526 -4.8678327
-4.9432964 4.0029383
-3.0068777 2.6868103
-5.209917 3.8568354
5.447666 -4.964765
-6.1432414 6.792
-6.3487945 7.702994
5.3553815 -4.0379024
-4.661703 5.9970574
-9.732165 11.432941
-2.4850504 4.709775
4.991421 -3.4756918
-3.8462648 4.287662
-7.043994 6.5243387
3.0619936 -2.1910183
-5.618698 4.680498
-5.243541 2.7702851
3.996425 -2.3985875
3.4868815 -1.6619573
3.9443855 -2.5456536
-8.5318985 4.961878
3.1603131 -3.4150324
7.5627875 -7.261466
10.709655 -9.446245
-6.5359206 8.417454
-5.91897 3.5619688
1.2523795 -2.48779
-7.476973 4.4936357
3.5827994 -5.109677
5.1243505 -5.110606
3.042323 -4.7186995
-2.7164736 2.5144062
3.2574215 -2.0523171
4.170214 -4.3967204
-7.2202334 5.0605855
6.59286 -3.3490646
-5.1629167 5.0148215
2.4543445 -5.0520453
3.5374956 -3.7022517
3.6244154 -3.259981
-6.040564 7.965294
5.2893414 -6.8505096
-3.5958078 4.8593936
3.2398086 -2.022806
3.627744 -4.6446204
3.181184 -4.253432
5.0053897 -4.6380115
-10.396492 10.931752
2.8380623 -2.9765692
4.4292426 -4.081747
-4.7235327 4.873728
