-3.9138765 4.74189
3.163313 -3.7503703
2.573188 -3.312144
5.432172 -3.9039292
4.3033123 -4.9172177
-4.3837156 2.849049
4.643943 -3.574612
5.056553 -2.638343
-5.235421 4.9942226
-4.6765823 3.9990873
-5.2993956 3.1390216
-6.305431 4.3286533
-3.0228412 5.0650206
4.09971 -4.9241853
-4.853188 3.9127808
-2.9678872 2.6478264
-5.215413 3.8624923
5.448018 -4.965117
-6.1974816 6.846242
-6.3724794 7.726681
5.2611265 -3.9436202
-4.75337 6.0887284
-9.4807205 11.181497
-2.5164921 4.741364
4.957697 -3.4416788
-3.8427093 4.284182
-6.863697 6.344044
3.1154985 -2.2445152
-5.5948663 4.656681
-5.217273 2.7439334
3.944547 -2.3467026
3.5105927 -1.6855675
3.9077034 -2.5089605
-8.543872 4.9738245
3.2085018 -3.463215
7.459095 -7.157771
10.640557 -9.377146
-6.617401 8.498993
-5.961439 3.6044524
1.2270306 -2.4624279
-7.588446 4.6051106
3.5646563 -5.091519
4.9913564 -4.9776077
3.0531278 -4.7295694
-2.7117736 2.5097134
3.2134283 -2.0083208
4.123681 -4.35018
-7.312878 5.153233
6.5506887 -3.306912
-5.269784 5.12169
2.4660897 -5.063698
3.5614257 -3.7261744
3.6203363 -3.255894
-6.073466 7.9981265
5.0971026 -6.6582723
-3.5468853 4.8104043
3.2257102 -2.008728
3.671684 -4.6886168
3.0881193 -4.160444
5.074389 -4.707007
-10.723953 11.259216
2.8344426 -2.9729428
4.4193068 -4.0718064
-4.656762 4.8069553
