-3.8930345 4.7211175
3.1411626 -3.7282255
2.5510461 -3.2900052
5.514094 -3.9857924
4.198836 -4.8127427
-4.3324428 2.797798
4.6342454 -3.5649698
5.085629 -2.667432
-5.2837543 5.042551
-4.7918563 4.1143427
-5.2653313 3.1050873
-6.3311396 4.3543577
-2.966846 5.009094
4.062552 -4.887033
-4.922999 3.9826307
-3.0084345 2.68837
-5.2354836 3.8824983
5.496684 -5.013784
-6.198817 6.8475757
-6.386355 7.740555
5.2967405 -3.9792733
-4.6475616 5.982919
-9.59003 11.290804
-2.502558 4.7274284
4.9837427 -3.4679644
-3.8104448 4.252003
-6.999979 6.4803247
3.0945623 -2.2235818
-5.613422 4.675228
-5.297119 2.8238425
3.938982 -2.3411465
3.5114381 -1.6864487
3.9196587 -2.52092
-8.470785 4.9007235
3.1935701 -3.448287
7.527501 -7.22618
10.616964 -9.353553
-6.578498 8.460082
-5.9646864 3.6076758
1.2292651 -2.4646668
-7.343095 4.359759
3.5509381 -5.077787
5.068863 -5.055116
3.1032925 -4.7795887
-2.7087126 2.5066497
3.2368429 -2.0317316
4.085057 -4.3115597
-7.2878733 5.128227
6.4789824 -3.2350874
-5.3364377 5.1883426
2.4168136 -5.014667
3.5544932 -3.719245
3.6137962 -3.2493553
-5.950691 7.875375
5.2995048 -6.8606725
-3.5702052 4.833872
3.2382183 -2.0212083
3.633379 -4.6503353
3.1257339 -4.1980295
5.0404234 -4.673042
-10.545357 11.080616
2.8504906 -2.9889932
4.491183 -4.143684
-4.8109283 4.9611225
