-3.8875961 4.7156057
3.150448 -3.7375195
2.4661217 -3.2050886
5.525464 -3.9972684
4.298549 -4.9124594
-4.3212566 2.786616
4.62134 -3.5521386
5.05858 -2.6405056
-5.200854 4.959642
-4.857383 4.1798553
-5.239485 3.0792863
-6.296745 4.319954
-2.9351351 4.977367
4.0628414 -4.8873243
-4.984187 4.043898
-3.0377517 2.717681
-5.1852226 3.8321636
5.41969 -4.9367895
-6.2602763 6.9090333
-6.239749 7.593948
5.380994 -4.0635066
-4.66852 6.003873
-9.560017 11.260792
-2.4578943 4.682633
4.9919796 -3.4762642
-3.8977323 4.3389645
-6.9038897 6.3842335
3.0987906 -2.2278216
-5.6193414 4.6811385
-5.2916465 2.8185306
3.9570887 -2.3592527
3.5014563 -1.6765637
3.9652853 -2.566558
-8.442863 4.87267
3.1731753 -3.4278994
7.6808586 -7.379538
10.68126 -9.4178505
-6.4859586 8.367248
-6.013328 3.6562288
1.2216458 -2.4570167
-7.427138 4.4437995
3.591108 -5.1178737
5.1023264 -5.0885816
3.0503573 -4.7267094
-2.689287 2.4872131
3.2675817 -2.062476
4.1270885 -4.3535953
-7.182541 5.022892
6.613898 -3.3702033
-5.210355 5.0622587
2.4937754 -5.0916214
3.5823965 -3.747155
3.612249 -3.2478187
-6.11264 8.037169
5.434703 -6.9958715
-3.6328328 4.8964357
3.2253058 -2.0082786
3.5974405 -4.6144524
3.2064483 -4.2786765
5.0077915 -4.640414
-10.243855 10.779114
2.8426597 -2.9811716
4.4448233 -4.0973263
-4.7929945 4.9431868
