-3.916157 4.744133
3.064222 -3.6512744
2.6168337 -3.3557827
5.4827175 -3.9543414
4.26012 -4.874022
-4.4071674 2.872601
4.6284494 -3.5590224
5.0725646 -2.6542509
-5.248971 5.007779
-4.624056 3.9465213
-5.282581 3.1219823
-6.3088036 4.3320346
-3.0706823 5.112816
4.0670786 -4.8915462
-4.893371 3.95295
-2.9581249 2.6380699
-5.2375836 3.8844938
5.2994475 -4.816546
-6.1364436 6.785206
-6.19982 7.5540247
5.209724 -3.8920226
-4.625485 5.9608455
-9.632773 11.33355
-2.5371444 4.7618957
5.0129786 -3.4970276
-3.8076236 4.2491565
-7.0342827 6.514632
3.1203086 -2.2493155
-5.625386 4.687211
-5.1907477 2.717389
3.9660835 -2.3682346
3.4936643 -1.6686856
3.9656186 -2.5668714
-8.495155 4.9253354
3.2539158 -3.5086226
7.6435933 -7.3422704
10.712363 -9.448951
-6.6019535 8.483378
-5.9299726 3.5729644
1.2705457 -2.506006
-7.430232 4.4468966
3.5912871 -5.118038
5.073584 -5.059833
3.0562315 -4.7324347
-2.7306857 2.5286324
3.1971903 -1.9920188
4.1425333 -4.3690314
-7.219481 5.059839
6.4723763 -3.2286754
-5.369814 5.221721
2.4131267 -5.010616
3.5512836 -3.7160273
3.5892842 -3.2248385
-6.081989 8.006773
5.088226 -6.6493955
-3.5264454 4.7901416
3.2288225 -2.0118127
3.7375238 -4.7543497
3.0268867 -4.0994897
4.9340534 -4.5666695
-10.661097 11.19636
2.858738 -2.997233
4.5090156 -4.1615124
-4.750571 4.9007626
