-3.945048 4.773064
3.095105 -3.6821601
2.6030931 -3.3420436
5.4950814 -3.9667485
4.27108 -4.884985
-4.4050236 2.8704221
4.6638565 -3.5945385
5.026373 -2.6081433
-5.2484097 5.007215
-4.7276773 4.0501637
-5.2947855 3.1342556
-6.2966084 4.319837
-3.076957 5.1191273
4.110469 -4.9349375
-4.9253836 3.985
-2.961635 2.6415775
-5.250509 3.8975108
5.4157305 -4.93283
-6.2715616 6.9203234
-6.3327885 7.686992
5.298638 -3.9808674
-4.682397 6.0177584
-9.454495 11.1552725
-2.5358174 4.7605896
4.968165 -3.452221
-3.7934866 4.2350283
-6.968905 6.4492536
3.111427 -2.2404387
-5.6057324 4.667552
-5.2122564 2.7389412
3.926022 -2.328171
3.48883 -1.663807
3.962662 -2.5639164
-8.484992 4.9151096
3.2234023 -3.4781115
7.615704 -7.31438
10.389359 -9.125947
-6.5204673 8.401963
-5.981118 3.6240103
1.2732624 -2.5087261
-7.4177465 4.434412
3.604456 -5.1312375
5.1140995 -5.1003494
3.0584717 -4.7346725
-2.6870217 2.4849668
3.176546 -1.9714112
4.086185 -4.312685
-7.289331 5.129688
6.528553 -3.2848337
-5.322105 5.1740117
2.3971138 -4.994683
3.585001 -3.7497473
3.597239 -3.2327948
-6.056507 7.9813004
5.1352277 -6.6963973
-3.535863 4.7995243
3.206365 -1.989383
3.7175136 -4.7344728
3.0756686 -4.148189
5.0520287 -4.6846457
-10.63267 11.167933
2.8443801 -2.9828768
4.4386687 -4.0911636
-4.7335863 4.883779
