-3.9307742 4.7586675
3.0398598 -3.626906
2.5770726 -3.3160143
5.5681047 -4.0398
4.2023225 -4.8162217
-4.4362216 2.9015176
4.6392617 -3.5698225
5.007303 -2.5890887
-5.2531204 5.011942
-4.577475 3.9000418
-5.290049 3.129283
-6.295055 4.3182945
-3.0928485 5.1349764
4.1244893 -4.948954
-4.92322 3.9828146
-3.0054505 2.6854
-5.244595 3.8914845
5.3079486 -4.825047
-6.1784463 6.827209
-6.1323957 7.4866
5.301463 -3.9836423
-4.721007 6.056371
-9.288856 10.989633
-2.5777786 4.8024654
4.972754 -3.4567559
-3.7703211 4.211821
-7.0114136 6.491761
3.1421719 -2.271173
-5.604415 4.6662464
-5.1495895 2.6759098
3.9703941 -2.3725424
3.4836602 -1.6586295
3.9501843 -2.5514336
-8.551221 4.9813027
3.2495775 -3.504278
7.482178 -7.1808558
10.728998 -9.465586
-6.66707 8.548659
-5.9590597 3.6019673
1.2728982 -2.508308
-7.4077225 4.424387
3.612327 -5.138986
5.128549 -5.114796
3.0627165 -4.738875
-2.6553345 2.4532902
3.1881135 -1.9829575
4.201795 -4.428291
-7.281682 5.1220427
6.355253 -3.1113918
-5.353901 5.20581
2.3889537 -4.9864044
3.53092 -3.6956575
3.541665 -3.1772103
-6.1295724 8.054422
5.386273 -6.9474406
-3.5311673 4.794898
3.258085 -2.0410821
3.7705715 -4.7872796
3.0554187 -4.1279807
5.0490136 -4.6816297
-10.7688875 11.304151
2.9085462 -3.047035
4.4024854 -4.0549984
-4.7526746 4.902866
