-3.8904748 4.7183304
3.1010334 -3.6880848
2.5644772 -3.3034244
5.427108 -3.898753
4.2247267 -4.8386273
-4.4009156 2.8663437
4.590317 -3.520907
5.023181 -2.6049087
-5.233653 4.9924674
-4.5999203 3.9224412
-5.273062 3.1123772
-6.305617 4.3288493
-3.0997953 5.141845
4.127526 -4.9519916
-4.861791 3.9214265
-2.9681308 2.6480768
-5.2406507 3.88762
5.2780128 -4.795111
-6.196318 6.8450804
-6.170453 7.5246572
5.2409143 -3.9231942
-4.6585193 5.9938817
-9.409701 11.110478
-2.5213566 4.746138
4.992621 -3.4765363
-3.750028 4.191499
-7.018096 6.498446
3.1159792 -2.2449837
-5.6146154 4.676443
-5.2244244 2.750872
3.9644563 -2.366604
3.5308008 -1.7057636
3.9484797 -2.5497308
-8.504928 4.93501
3.253928 -3.508632
7.558468 -7.257145
10.647521 -9.384109
-6.6678543 8.549196
-5.9722624 3.6151547
1.2498466 -2.4852746
-7.402244 4.4189076
3.6022239 -5.1289825
5.092895 -5.079144
3.0495067 -4.7256627
-2.6770084 2.4749584
3.1718304 -1.9666604
4.204973 -4.4314713
-7.339557 5.1799164
6.378771 -3.1350517
-5.3959966 5.2479033
2.4083192 -5.0058002
3.5578446 -3.7225857
3.611472 -3.247023
-6.0951457 8.019848
5.1809807 -6.7421503
-3.542568 4.806252
3.2625802 -2.0455875
3.7693818 -4.7861257
3.0620174 -4.134628
4.9310813 -4.563698
-10.794892 11.330155
2.891225 -3.029717
4.4631376 -4.115631
-4.6794505 4.829642
