-3.9098382 4.7377505
3.1404665 -3.7275455
2.4380968 -3.1770718
5.451202 -3.9230134
4.3276587 -4.9415736
-4.3289332 2.7942822
4.627667 -3.5583365
5.133832 -2.7156196
-5.1344237 4.893207
-4.90929 4.2317605
-5.202776 3.0425315
-6.277388 4.300592
-2.8884814 4.9305363
4.0927033 -4.91719
-4.992265 4.052017
-3.0322394 2.7121637
-5.1625543 3.809579
5.601582 -5.118684
-6.113 6.761758
-6.1911473 7.5453453
5.3712444 -4.0537972
-4.474827 5.8101807
-9.571449 11.272224
-2.4103084 4.6352515
4.99965 -3.484055
-3.9710207 4.412326
-7.0901413 6.570485
3.0566103 -2.1856484
-5.6194377 4.681229
-5.282295 2.8093534
3.9943147 -2.3964956
3.5004988 -1.6755849
3.9510221 -2.5523047
-8.657413 5.087126
3.1834967 -3.4382272
7.761555 -7.460236
10.933366 -9.669959
-6.40902 8.290169
-6.013512 3.6564643
1.2116216 -2.4469633
-7.2379465 4.2546062
3.5263321 -5.0531473
5.247441 -5.2336955
3.040478 -4.71678
-2.707973 2.5058947
3.2540884 -2.0489883
4.2040305 -4.43054
-7.3475637 5.187915
6.7103434 -3.4665666
-5.1419797 4.9938827
2.5178192 -5.1154366
3.5552151 -3.7199788
3.5623324 -3.1979089
-6.0941863 8.018492
5.7349224 -7.2960935
-3.727634 4.991412
3.2174551 -2.0004194
3.583484 -4.6004744
3.269671 -4.3420258
5.125783 -4.7584066
-10.311871 10.847127
2.8472044 -2.985722
4.405605 -4.058105
-4.7585707 4.908761
