-3.9196415 4.747629
3.1395063 -3.7265625
2.548783 -3.2877367
5.482205 -3.953948
4.2879252 -4.90183
-4.4075155 2.8728938
4.6494946 -3.5801587
5.058558 -2.640352
-5.2310905 4.9898934
-4.7255497 4.048031
-5.2988286 3.138454
-6.317074 4.3403006
-3.042365 5.084569
4.12345 -4.9479218
-4.9435253 4.0030656
-2.964369 2.6443107
-5.246388 3.893433
5.3511252 -4.8682246
-6.264304 6.913066
-6.3338847 7.688088
5.2361784 -3.9185023
-4.742912 6.0782714
-9.4351425 11.13592
-2.5138483 4.738706
4.978304 -3.4623783
-3.8297102 4.271251
-6.974131 6.4544787
3.1209373 -2.24995
-5.640329 4.702147
-5.232685 2.759401
3.9279969 -2.3301482
3.5258744 -1.7009215
3.9322772 -2.5335338
-8.538317 4.968272
3.1931024 -3.4478145
7.5311666 -7.2298427
10.57937 -9.315958
-6.4662595 8.347942
-5.945392 3.5884056
1.2795943 -2.515011
-7.4846053 4.5012712
3.5913568 -5.118256
5.033791 -5.0200415
3.0849602 -4.761301
-2.694083 2.4920251
3.1774206 -1.9723045
4.176847 -4.4033456
-7.2494874 5.0898433
6.572123 -3.3283963
-5.289554 5.1414604
2.3612726 -4.9588766
3.5147789 -3.6795266
3.6328936 -3.2684493
-6.002662 7.9274592
5.136061 -6.6972313
-3.5451567 4.808691
3.2026124 -1.985632
3.71114 -4.728101
3.0710278 -4.143462
4.9882984 -4.6209164
-10.675656 11.210919
2.85501 -2.9935088
4.42727 -4.0797696
-4.702555 4.8527484
