-3.7669044 4.5949593
3.1122437 -3.6992686
2.5509996 -3.289916
5.524705 -3.9960616
4.0376687 -4.6515765
-4.4857097 2.9517062
4.5270314 -3.457537
4.909108 -2.4909542
-5.220037 4.9788885
-4.640281 3.9629421
-5.231483 3.0708742
-6.2536035 4.2768726
-3.2008753 5.2426205
4.144594 -4.969042
-4.995824 4.0552926
-2.9956653 2.6756399
-5.299589 3.9465053
5.1613784 -4.6784754
-5.767103 6.41587
-6.3588295 7.7130404
5.248299 -3.930588
-4.8367596 6.172125
-8.587376 10.288155
-2.5620012 4.7866974
4.9828305 -3.4671803
-3.6859775 4.127504
-7.026443 6.506791
3.1302319 -2.259206
-5.615606 4.6774683
-5.1852703 2.7118478
4.002826 -2.40493
3.5531042 -1.7280222
3.8691669 -2.4703882
-7.8861556 4.3167486
3.2293937 -3.4840658
7.453071 -7.1517463
9.823179 -8.559765
-6.657745 8.540252
-5.749214 3.3924994
1.2469171 -2.4822474
-6.9822726 3.9990466
3.6414268 -5.168123
4.9163213 -4.9025593
3.0449464 -4.720772
-2.7434683 2.5414455
3.138083 -1.9329002
4.1615825 -4.3880725
-7.1881666 5.028532
6.464411 -3.220384
-5.71628 5.568189
2.3483362 -4.945939
3.3784308 -3.5431442
3.535347 -3.1708698
-5.8968687 7.821625
5.360046 -6.921211
-3.6241875 4.887691
3.2561088 -2.0390263
3.847102 -4.863537
3.0228338 -4.095549
5.0984397 -4.731052
-10.698298 11.233563
2.9451058 -3.083561
4.303926 -3.9567194
-4.6185474 4.768743
