-3.7342393 4.5623026
3.086889 -3.6739032
2.5241973 -3.263106
5.4755683 -3.946926
4.0283012 -4.642294
-4.5027847 2.968816
4.4969115 -3.427482
4.870981 -2.4527397
-5.235994 4.9948554
-4.679384 4.0019193
-5.1519427 2.9911792
-6.1537967 4.177077
-3.2159193 5.257585
4.0908995 -4.9153357
-4.951715 4.0112143
-3.0384035 2.7183895
-5.3247213 3.9716792
5.1264954 -4.643594
-5.8153563 6.4641247
-6.5409718 7.895185
5.3423333 -4.024695
-4.8368683 6.1722326
-8.4068 10.107581
-2.5665495 4.7911544
4.987481 -3.4715917
-3.6621952 4.103501
-7.103183 6.583532
3.1363835 -2.265344
-5.6492295 4.7111034
-5.2839804 2.810592
3.9438238 -2.346052
3.485523 -1.6604908
3.850525 -2.4517324
-7.6978984 4.1284924
3.2871883 -3.5418522
7.421717 -7.120392
9.685018 -8.421603
-6.5335813 8.415487
-5.722192 3.3655045
1.2333435 -2.468685
-7.0150614 4.0318384
3.6365144 -5.16317
4.851995 -4.8382316
3.1099277 -4.7856617
-2.761573 2.5595603
3.131539 -1.9265212
4.2393446 -4.4658318
-7.284344 5.124711
6.532717 -3.2887635
-5.7022963 5.554207
2.3770633 -4.9747124
3.4756384 -3.6403456
3.464327 -3.099837
-5.9052153 7.8299713
5.2993574 -6.860523
-3.6783693 4.9419465
3.2041051 -1.9870365
3.876804 -4.892991
3.1181915 -4.1907797
4.9285765 -4.561187
-10.601658 11.136923
2.9109719 -3.0494165
4.2933416 -3.945917
-4.596452 4.74665
