-3.7860537 4.613971
3.0962534 -3.6832888
2.565741 -3.3046677
5.438726 -3.9103687
4.022948 -4.6368613
-4.4600224 2.9255676
4.510297 -3.4411004
4.917476 -2.4992228
-5.210449 4.9692945
-4.5730934 3.8957999
-5.2281585 3.0673916
-6.2998986 4.323154
-3.1816447 5.223478
4.1905193 -5.014974
-4.846152 3.905645
-2.9943018 2.6742642
-5.348739 3.9957676
5.2866526 -4.80375
-5.9161716 6.564938
-6.1104293 7.464638
5.2540607 -3.9361074
-4.798095 6.1334615
-8.887127 10.587904
-2.5630212 4.787897
4.9235682 -3.407817
-3.7034607 4.1450324
-6.8713913 6.35174
3.1364386 -2.2654252
-5.581341 4.6431932
-5.2373223 2.7637188
4.005606 -2.4077628
3.5181167 -1.6930918
3.911666 -2.5128994
-8.121561 4.552093
3.2506204 -3.5053022
7.5315385 -7.2302127
9.96158 -8.698167
-6.6094913 8.491505
-5.929844 3.572908
1.2085768 -2.4439309
-7.2210045 4.23767
3.6491926 -5.1759787
5.0223308 -5.008572
3.0702417 -4.746421
-2.724526 2.5224926
3.1691718 -1.9640509
4.2172017 -4.443693
-7.2228594 5.0632253
6.3726525 -3.1286924
-5.491118 5.343028
2.3417099 -4.9392695
3.5204387 -3.685163
3.5748098 -3.2103398
-5.9236727 7.8484144
5.3757997 -6.9369655
-3.577845 4.8415027
3.2390478 -2.0219727
3.8239923 -4.840777
3.0381072 -4.1107597
5.049238 -4.681851
-10.899724 11.434987
2.9590847 -3.0975552
4.3817153 -4.034378
-4.74081 4.891005
