-3.7206023 4.5485587
3.0403676 -3.627387
2.548775 -3.2876863
5.5234284 -3.9947257
4.045931 -4.659871
-4.479845 2.9457662
4.447096 -3.3776367
4.903851 -2.4856114
-5.251511 5.0103693
-4.663024 3.9856117
-5.1323967 2.9716961
-6.1886377 4.2119136
-3.2050107 5.2465715
4.1202593 -4.9447026
-4.9746957 4.0341434
-3.0506666 2.7306464
-5.3338175 3.9806592
5.0920777 -4.609177
-5.788721 6.4374876
-6.4124656 7.7666783
5.2965317 -3.9789157
-4.791878 6.1272435
-8.526345 10.227126
-2.5347927 4.7594566
4.9733386 -3.457593
-3.6334517 4.074714
-7.054693 6.5350413
3.1666524 -2.295619
-5.6023955 4.6642632
-5.212056 2.7386172
3.9732423 -2.3754447
3.4964519 -1.6713641
3.8566236 -2.4578369
-7.7295227 4.1601157
3.229509 -3.4841754
7.4102545 -7.1089296
9.698917 -8.435502
-6.6309805 8.513121
-5.6799526 3.323114
1.2708066 -2.5060916
-7.0250206 4.04181
3.6555545 -5.182213
4.907261 -4.8934984
3.1124418 -4.7882233
-2.74134 2.5393229
3.1472497 -1.9422097
4.20887 -4.4353585
-7.2061086 5.046475
6.5456285 -3.301511
-5.6161194 5.468029
2.3691342 -4.9667497
3.4128633 -3.5775719
3.509796 -3.1453104
-5.925127 7.849883
5.2269263 -6.788091
-3.6706276 4.934162
3.197238 -1.9801477
3.8437862 -4.860086
3.1274593 -4.200143
4.9455743 -4.5781856
-10.799448 11.334713
2.912464 -3.0509114
4.377704 -4.030309
-4.688083 4.83828
