-3.890941 4.718798
3.0760667 -3.66311
2.5640314 -3.3029683
5.457575 -3.9293714
4.217142 -4.8310404
-4.4443893 2.909717
4.5257907 -3.4564445
5.0077186 -2.589427
-5.228988 4.9878173
-4.567177 3.8898404
-5.2614045 3.100721
-6.356035 4.379281
-3.0808845 5.1229453
4.179085 -5.003546
-4.9096646 3.9692676
-3.0053544 2.6853073
-5.2791557 3.9261425
5.3610067 -4.8781056
-6.0896373 6.7384005
-6.0318913 7.3860974
5.245702 -3.9277606
-4.752433 6.087797
-9.1859665 10.886745
-2.5269158 4.7515755
4.976972 -3.4610822
-3.6968315 4.138492
-6.95781 6.438157
3.1514375 -2.2804353
-5.594593 4.6564307
-5.168254 2.694674
3.9648247 -2.366962
3.5201914 -1.6951631
3.92906 -2.5303037
-8.391103 4.821002
3.240612 -3.4953074
7.577497 -7.276173
10.428458 -9.165047
-6.61813 8.499784
-5.8961782 3.5392191
1.2218288 -2.4572482
-7.4338074 4.450472
3.6418242 -5.168555
5.0888042 -5.0750494
3.0532513 -4.7296014
-2.7211308 2.5190911
3.1841483 -1.978959
4.1267066 -4.3531995
-7.3374615 5.1778226
6.365713 -3.1218033
-5.345886 5.197798
2.3772626 -4.9747324
3.590859 -3.7555919
3.5478477 -3.1833892
-6.048064 7.9727917
5.326309 -6.887475
-3.5530922 4.816939
3.246483 -2.0294626
3.8048165 -4.821617
3.029491 -4.102115
4.950342 -4.5829573
-10.828122 11.363385
2.91693 -3.055414
4.415359 -4.0679812
-4.7414904 4.8916817
