-3.742429 4.570475
3.0891075 -3.6761281
2.507321 -3.2462344
5.528325 -3.999545
3.9898682 -4.6038136
-4.47787 2.9437966
4.4834623 -3.4140651
4.9333305 -2.5151134
-5.2642994 5.023155
-4.736861 4.059471
-5.18763 3.0269933
-6.2152057 4.238479
-3.205728 5.2473664
4.120859 -4.9453044
-4.9391055 3.9985442
-2.9965243 2.6765018
-5.3141656 3.9610384
5.1371465 -4.654245
-5.801326 6.450093
-6.375891 7.730104
5.258705 -3.9410496
-4.8472514 6.1826167
-8.674535 10.375316
-2.5473022 4.7719903
4.871606 -3.3558972
-3.646447 4.087803
-6.978658 6.459007
3.1479993 -2.2769675
-5.632265 4.6941304
-5.22379 2.750441
4.0216846 -2.4238772
3.497228 -1.6721605
3.863284 -2.4645002
-7.779167 4.20976
3.2446225 -3.49929
7.399281 -7.097957
9.777715 -8.514299
-6.729309 8.611381
-5.721814 3.3650467
1.2644238 -2.4997246
-7.088343 4.1051183
3.6661794 -5.192796
4.9795017 -4.9657393
3.116839 -4.792656
-2.746532 2.5445132
3.1275475 -1.9224756
4.185987 -4.412476
-7.2382956 5.0786614
6.581076 -3.337044
-5.5907173 5.442627
2.3338716 -4.93153
3.450929 -3.615639
3.5088518 -3.1443703
-5.9877133 7.9124694
5.1723986 -6.7335634
-3.6527336 4.9162455
3.1860678 -1.9690001
3.827808 -4.844109
3.0703914 -4.143034
5.0254235 -4.658035
-10.782323 11.317588
2.9297497 -3.0681994
4.362289 -4.0149417
-4.6668596 4.8170567
