-3.8520212 4.679965
3.104844 -3.6918821
2.5567098 -3.2956412
5.5028453 -3.9744165
4.0893664 -4.703261
-4.4448285 2.9102976
4.575789 -3.5065205
4.985892 -2.5676768
-5.206843 4.965681
-4.535519 3.8581378
-5.277078 3.1164227
-6.370344 4.3935947
-3.125216 5.1671453
4.147921 -4.9723773
-4.844332 3.903829
-3.0166578 2.6966183
-5.292487 3.9396176
5.254737 -4.7718334
-5.9419136 6.590679
-6.108108 7.462315
5.261718 -3.9439306
-4.841432 6.176796
-8.97048 10.671258
-2.5456161 4.7702985
4.9280534 -3.4123552
-3.6955442 4.1371174
-7.021211 6.5015607
3.1330507 -2.2620418
-5.5726643 4.6345105
-5.2110057 2.737466
3.9889164 -2.391025
3.4846692 -1.6596638
3.8857393 -2.4869773
-8.317823 4.7479305
3.2477565 -3.5024412
7.564435 -7.263111
10.410665 -9.147251
-6.546401 8.428318
-5.9694114 3.612347
1.2370034 -2.4723883
-7.334413 4.3510785
3.6856441 -5.2123775
5.0787783 -5.0650215
3.0512323 -4.7274976
-2.6963325 2.4942975
3.1513522 -1.9461876
4.162815 -4.389307
-7.1652174 5.005582
6.460561 -3.2164907
-5.4609756 5.312887
2.3667135 -4.9642267
3.5199146 -3.684641
3.5532265 -3.1887605
-5.8905954 7.815337
5.409328 -6.9704943
-3.532265 4.7958584
3.262893 -2.0458453
3.799628 -4.816411
3.0167918 -4.0893416
4.9606953 -4.5933104
-10.678647 11.21391
2.908268 -3.0467443
4.428114 -4.0808163
-4.679227 4.82942
