-3.831117 4.6590242
3.1010263 -3.6880548
2.5706055 -3.3095255
5.5556703 -4.0271535
4.059465 -4.673384
-4.4917464 2.9576676
4.511463 -3.4420493
4.9162292 -2.498097
-5.23335 4.9921994
-4.63938 3.9620912
-5.2181206 3.0574017
-6.254235 4.2774982
-3.1825192 5.224263
4.1477237 -4.972174
-4.884964 3.9444003
-2.9989414 2.6789107
-5.30042 3.9475594
5.112581 -4.6296782
-5.8223615 6.471129
-6.015349 7.3695583
5.2897305 -3.971826
-4.7628665 6.0982337
-8.889669 10.590448
-2.5706363 4.795432
4.9105177 -3.3948348
-3.6530468 4.0946527
-6.910518 6.390868
3.121491 -2.2504685
-5.5914636 4.6533194
-5.1984663 2.7250075
3.9611785 -2.3633187
3.4971914 -1.672112
3.9262586 -2.5274844
-7.952852 4.3833294
3.2368536 -3.4915292
7.5030355 -7.2017107
10.289072 -9.025657
-6.638068 8.520465
-5.8380904 3.4811857
1.2448205 -2.4801137
-6.9631367 3.9798253
3.6904123 -5.2170944
4.9842925 -4.9705305
3.0643148 -4.740325
-2.696963 2.4949353
3.1634526 -1.958279
4.186565 -4.4130545
-7.2550626 5.095429
6.386774 -3.142863
-5.59577 5.4476786
2.3160398 -4.9134703
3.437056 -3.601773
3.5469189 -3.1824436
-5.9151397 7.83989
5.3425155 -6.9036803
-3.612451 4.8759136
3.2513218 -2.0342634
3.8355405 -4.8521757
3.0213351 -4.09399
5.0105085 -4.643119
-10.779163 11.314426
2.9401336 -3.0785956
4.3653665 -4.018062
-4.5506897 4.7008862
