-3.8051174 4.6329155
3.09934 -3.6863723
2.5387871 -3.2777114
5.495758 -3.9672234
4.0525966 -4.666517
-4.4444013 2.9100392
4.589442 -3.520234
4.9563966 -2.538159
-5.213895 4.9727426
-4.606325 3.9289553
-5.2163887 3.0556111
-6.2817354 4.3049946
-3.1808884 5.222662
4.164593 -4.9890475
-4.8979015 3.9573436
-3.0046868 2.6846514
-5.3422914 3.9892564
5.2515635 -4.76866
-5.868809 6.5175757
-6.1684847 7.5226936
5.2776785 -3.9597406
-4.887241 6.222608
-8.993441 10.694218
-2.5471432 4.7720532
4.970404 -3.4547746
-3.665808 4.1073475
-6.899248 6.379597
3.1564589 -2.2854424
-5.571265 4.633118
-5.2202845 2.7467136
3.9886925 -2.390855
3.4900084 -1.664948
3.91039 -2.511621
-8.024254 4.4545946
3.2348652 -3.4895449
7.517004 -7.2156777
10.05552 -8.792104
-6.591766 8.474014
-5.8946676 3.5376291
1.2520617 -2.4874165
-7.152857 4.1695232
3.650893 -5.177639
5.0853834 -5.0716233
3.0993755 -4.775482
-2.6965108 2.4944797
3.197674 -1.99254
4.1655817 -4.3920727
-7.346696 5.1870623
6.3793674 -3.135398
-5.559592 5.4115014
2.347514 -4.9450274
3.4788609 -3.643582
3.5963895 -3.2319193
-5.9254684 7.8502107
5.2804136 -6.8415794
-3.5803056 4.8438416
3.2420032 -2.0249212
3.8378549 -4.854575
3.0331903 -4.1058764
5.040839 -4.6734505
-10.954129 11.489393
2.9399924 -3.0784607
4.417378 -4.0700297
-4.610123 4.7603183
