-3.7943544 4.622265
3.1037104 -3.690742
2.5811062 -3.320028
5.49988 -3.971379
4.0381746 -4.652079
-4.410871 2.8765552
4.61243 -3.543124
4.922219 -2.5039585
-5.2132115 4.9720616
-4.6109524 3.9336681
-5.241637 3.0809155
-6.2651143 4.288376
-3.1780024 5.219816
4.140965 -4.9654183
-4.923065 3.9824913
-3.0036142 2.683581
-5.3330293 3.9800797
5.165845 -4.6829414
-5.8729563 6.5217223
-6.0430636 7.3972726
5.272556 -3.954601
-4.8274918 6.16286
-8.845383 10.54616
-2.550891 4.7757497
4.9782634 -3.4625976
-3.676899 4.1184745
-7.079137 6.5594864
3.159481 -2.2884614
-5.5960865 4.6579394
-5.2176027 2.7440827
3.9785602 -2.3807235
3.4915802 -1.6665725
3.9213393 -2.5225673
-7.9910088 4.4215965
3.273416 -3.5280938
7.393771 -7.092446
10.230904 -8.967488
-6.5699725 8.45228
-5.8530188 3.4961338
1.2895244 -2.5248134
-7.1765704 4.193237
3.6622937 -5.188941
5.04649 -5.03273
3.0716364 -4.7478185
-2.7188323 2.516803
3.1727772 -1.967614
4.3134212 -4.539911
-7.1578565 4.998223
6.429183 -3.1852803
-5.594188 5.446098
2.4265764 -5.0240498
3.502139 -3.6668591
3.5707905 -3.2063184
-6.0251737 7.9499154
5.2995734 -6.860739
-3.6199508 4.8834324
3.22883 -2.0117586
3.814715 -4.8313704
3.0517633 -4.1244617
5.012598 -4.6452093
-10.967857 11.50312
2.9264696 -3.064934
4.4089694 -4.0616517
-4.7051773 4.8553724
