-3.8368971 4.6648026
3.0944474 -3.6814868
2.5541337 -3.2930663
5.4567623 -3.9284203
4.152294 -4.7661896
-4.410423 2.8759248
4.628726 -3.5594814
4.9906144 -2.572335
-5.205595 4.9644303
-4.5861115 3.9087262
-5.284259 3.123608
-6.3334174 4.356667
-3.125607 5.1675434
4.1609035 -4.9853606
-4.861691 3.9211826
-2.9579747 2.6379309
-5.2709017 3.9179025
5.299912 -4.817008
-6.115344 6.764108
-6.049604 7.40381
5.2939525 -3.9761434
-4.7435217 6.078885
-9.050558 10.751335
-2.5635304 4.7882614
4.9524875 -3.4367535
-3.7297668 4.171405
-6.928179 6.4085283
3.1243167 -2.25331
-5.561328 4.623171
-5.201771 2.728247
4.0195975 -2.4217284
3.5361645 -1.7111405
3.9174614 -2.5187006
-8.196905 4.62711
3.2512004 -3.5058882
7.596202 -7.294878
10.345506 -9.082093
-6.5637655 8.445476
-5.9555526 3.5984337
1.2339265 -2.4693558
-7.334586 4.3512516
3.6573195 -5.184045
4.993771 -4.980016
3.0763733 -4.7526016
-2.6995919 2.497554
3.1921933 -1.9870433
4.204399 -4.430891
-7.3199897 5.160354
6.3900776 -3.1459985
-5.438663 5.2905736
2.3246202 -4.922144
3.5533166 -3.7180445
3.5879536 -3.2234907
-5.9973683 7.922111
5.3435974 -6.904763
-3.5477495 4.811458
3.2428105 -2.025772
3.8024065 -4.819263
3.023784 -4.0963078
5.000226 -4.63284
-10.721452 11.256715
2.9243457 -3.0628245
4.4310136 -4.083691
-4.758544 4.908736
