-3.7318904 4.559828
3.1291986 -3.7162154
2.5425084 -3.2814186
5.5138636 -3.9851737
4.0338883 -4.6478724
-4.4232717 2.8892522
4.459068 -3.3897061
4.8860273 -2.4677322
-5.265649 5.0245094
-4.7895913 4.1121645
-5.179438 3.018756
-6.1778646 4.201143
-3.2091005 5.250734
4.0964427 -4.920882
-4.907594 3.967095
-2.9986868 2.6786704
-5.328885 3.9757798
5.18033 -4.697429
-5.7323194 6.3810863
-6.4385843 7.792797
5.3529444 -4.035341
-4.757752 6.0931163
-8.42508 10.125861
-2.5921926 4.81678
4.908644 -3.3927948
-3.6467607 4.088039
-7.1517773 6.6321254
3.1682236 -2.2971869
-5.644616 4.706486
-5.2034597 2.7299597
3.9992561 -2.4014568
3.4579158 -1.632887
3.8536658 -2.4548757
-7.682273 4.1128674
3.2401693 -3.4948347
7.4063807 -7.1050553
9.616993 -8.353578
-6.731843 8.614134
-5.686124 3.3291903
1.245543 -2.480822
-7.0411305 4.05794
3.6286674 -5.1552706
4.8914466 -4.8776846
3.104895 -4.7806325
-2.7958457 2.5938308
3.171157 -1.9661396
4.1765633 -4.4030504
-7.226461 5.0668283
6.599586 -3.355525
-5.7299643 5.5818734
2.3146744 -4.912344
3.4311478 -3.595855
3.5112555 -3.1467683
-5.973724 7.8984795
5.2432647 -6.8044295
-3.6980276 4.961573
3.2024474 -1.9853643
3.8723323 -4.888523
3.0795631 -4.152216
4.9335837 -4.5661945
-10.775689 11.310954
2.920897 -3.0593443
4.2852983 -3.937888
-4.623525 4.773722
