-3.8308947 4.6588097
3.05173 -3.6387665
2.5595322 -3.2984612
5.505562 -3.9771304
4.0610585 -4.6749606
-4.464579 2.930127
4.554703 -3.4854567
4.953924 -2.53568
-5.2050877 4.96393
-4.567807 3.8905234
-5.2242107 3.0635967
-6.3337927 4.357046
-3.1561532 5.198148
4.1669064 -4.991361
-4.920273 3.9797895
-2.9897578 2.669719
-5.314812 3.9619663
5.251181 -4.7682776
-5.997473 6.6462393
-6.0891547 7.4433637
5.2676926 -3.9498131
-4.760744 6.09611
-9.018024 10.7188015
-2.5521944 4.7770133
5.0331087 -3.517289
-3.7234154 4.165022
-6.9988384 6.4791875
3.1387389 -2.2677271
-5.5618205 4.6236696
-5.1261077 2.652491
3.9602456 -2.362382
3.5147536 -1.6897323
3.8943484 -2.4955838
-8.200154 4.6306157
3.2298827 -3.484567
7.5827975 -7.2814727
10.206139 -8.942726
-6.5929937 8.474848
-5.9832315 3.626237
1.2209715 -2.4562967
-7.247356 4.264022
3.668344 -5.1951585
5.0476236 -5.033867
3.0799108 -4.756176
-2.7163296 2.5142958
3.1718767 -1.9667288
4.202208 -4.4287004
-7.1941853 5.0345497
6.3539667 -3.1098974
-5.4890924 5.341003
2.3327959 -4.930413
3.5264115 -3.691137
3.5653124 -3.2008438
-5.8858585 7.8106003
5.38127 -6.9424353
-3.5308564 4.7944603
3.2509568 -2.0338888
3.8072007 -4.8239994
3.032848 -4.1054525
4.96888 -4.601494
-10.948843 11.484106
2.9230425 -3.0615163
4.4095016 -4.0622025
-4.7212553 4.8714495
