-3.7342994 4.5623403
3.142267 -3.7292778
2.5228903 -3.2617965
5.516287 -3.9876516
4.0737276 -4.6877213
-4.5014677 2.9674425
4.451364 -3.381884
4.8853045 -2.4669707
-5.2136235 4.972488
-4.7791405 4.1016865
-5.181087 3.0203338
-6.1270766 4.1503577
-3.2460976 5.287655
4.113431 -4.9378643
-4.871436 3.9308884
-3.0211158 2.7011042
-5.3169026 3.963757
5.176904 -4.694001
-5.754762 6.4035306
-6.4857883 7.840002
5.2217875 -3.9040928
-4.832753 6.168118
-8.268125 9.968907
-2.5814247 4.806014
4.9006963 -3.3848984
-3.616928 4.0582166
-6.90418 6.3845286
3.119391 -2.2483487
-5.6113167 4.6731915
-5.2826476 2.8093178
3.9810562 -2.3832817
3.4954886 -1.6705241
3.8850493 -2.4862533
-7.6439714 4.0745664
3.2585099 -3.513173
7.4662423 -7.1649175
9.684573 -8.421159
-6.677976 8.560008
-5.7483606 3.39164
1.2596412 -2.4949908
-6.8984637 3.915248
3.6495366 -5.176241
4.7749305 -4.761167
3.122695 -4.798442
-2.789621 2.5876102
3.1179998 -1.9129101
4.2626657 -4.489153
-7.2928224 5.1331897
6.54364 -3.2996936
-5.7040844 5.555995
2.3297517 -4.9273863
3.4226546 -3.587359
3.450242 -3.085749
-6.0548267 7.979569
5.395144 -6.956309
-3.6675694 4.931199
3.1803765 -1.9633025
3.8866282 -4.902918
3.113911 -4.18656
4.904528 -4.537139
-10.677155 11.21242
2.8933072 -3.0317497
4.32508 -3.9775298
-4.572195 4.722393
