-3.8064673 4.634441
3.0625277 -3.6495545
2.5539937 -3.292913
5.5030437 -3.974501
4.0224233 -4.63633
-4.468988 2.934909
4.5690174 -3.4995458
4.9356155 -2.517378
-5.209787 4.9686375
-4.6058936 3.9286296
-5.2312927 3.070685
-6.274137 4.2974052
-3.165055 5.206862
4.134666 -4.9591146
-4.943244 4.0026975
-2.9947183 2.6746914
-5.310991 3.9579654
5.179818 -4.6969156
-5.836258 6.485026
-6.2374783 7.591689
5.286073 -3.9682765
-4.949883 6.285249
-8.6970215 10.397801
-2.6081479 4.832794
4.9822836 -3.4666412
-3.6760712 4.1176624
-6.9269595 6.4073076
3.1240044 -2.2529802
-5.591352 4.653213
-5.1661024 2.6926773
3.9850128 -2.387089
3.5234125 -1.6983076
3.8598425 -2.4610648
-7.8517127 4.2822742
3.2181933 -3.4728673
7.431258 -7.129934
10.049939 -8.786525
-6.698138 8.58061
-5.815245 3.4583576
1.2589955 -2.494315
-7.1037445 4.120507
3.6726124 -5.1992755
4.9113517 -4.8975897
3.071692 -4.74759
-2.7234347 2.5214097
3.1658154 -1.9606285
4.2082825 -4.434772
-7.272651 5.1130166
6.452235 -3.2082431
-5.587241 5.4391494
2.349484 -4.9469633
3.3922522 -3.556967
3.526757 -3.1622803
-5.910283 7.835038
5.300893 -6.8620577
-3.635443 4.8989553
3.2252083 -2.008129
3.8234184 -4.8399315
3.025679 -4.098315
5.065125 -4.697736
-10.876535 11.411799
2.9292183 -3.0676758
4.382434 -4.035159
-4.7389183 4.889114
