-1.210382 2.3592176
-4.6383743 2.794682
1.4661176 -1.7399657
0.22908355 -0.33272368
-1.710819 -0.072453395
-2.0846107 3.4484522
1.2145978 -2.015004
-1.3697335 0.13757549
2.0122042 -1.4124457
-0.13416527 -1.0688779
1.9734504 -0.23509632
-1.4352946 1.5096366
0.8547334 -0.1667236
1.1245126 -0.5632395
1.4387307 -1.3353807
1.0438555 -0.4649505
-0.98564065 1.220368
0.4815722 -2.9079063
-0.9197888 -0.23343799
0.310537 -0.76941305
0.5996627 -1.139932
0.37764615 -0.73938954
-1.3309085 0.6720848
0.883189 -0.1475022
0.24154022 0.74430525
1.8373092 -2.7116272
-1.830063 0.3041624
0.5514821 1.9770833
-2.5222464 2.167911
2.128777 -1.4353502
0.41241202 1.316092
-1.9537464 1.7189558
-1.0261011 0.35082793
-0.8634754 1.4902585
1.49974 -1.3308104
-1.021831 0.53261274
-1.6538247 1.0902971
0.42616466 -1.0343615
-1.3513811 1.8715453
-2.3207784 2.3440032
-0.9815005 0.7125969
-0.4259141 -1.0284382
-0.85103494 0.8610206
-3.7381778 -1.1289767
-1.4457402 1.0841578
1.3401645 -0.4869342
-3.426293 -0.06942167
-0.6053035 2.3686512
2.3375196 -0.253948
-3.2870042 -0.15320702
1.0188333 -1.5886304
1.3835772 -1.8228962
-0.3885694 0.73655164
0.38407224 -1.5171436
1.5308594 -0.46336764
1.0874681 -0.7449779
5.5471087 -1.298747
1.2467381 -1.8123472
-2.1590714 0.141791
-0.6448299 -0.97869253
-1.246268 0.9182449
-0.1653469 2.0586152
0.9947341 -2.999908
-3.4056864 2.529467
