-3.868141 4.6961207
3.0997899 -3.6868303
2.5666027 -3.3055372
5.5222216 -3.9939544
4.114072 -4.7279687
-4.447534 2.912953
4.625944 -3.5566654
4.9879813 -2.5697606
-5.2048 4.9636316
-4.5585275 3.8811815
-5.2775397 3.116886
-6.35285 4.3760986
-3.1102257 5.152321
4.1444583 -4.968918
-4.8430624 3.9026115
-2.9865606 2.6665156
-5.2287545 3.8758829
5.303191 -4.820289
-6.0286856 6.67745
-6.07966 7.433865
5.3129883 -3.9951732
-4.7635126 6.0988765
-9.106303 10.807081
-2.5640233 4.788615
4.981195 -3.4654336
-3.7336242 4.175192
-7.0636888 6.5440373
3.101217 -2.2302122
-5.593431 4.655271
-5.1385508 2.6650474
3.9833832 -2.3855093
3.5013745 -1.6763463
3.8994548 -2.5006957
-8.321221 4.7513638
3.2419882 -3.4966798
7.535426 -7.234102
10.41978 -9.156367
-6.7448053 8.626575
-6.0038214 3.6467886
1.2803742 -2.515797
-7.3937554 4.4104204
3.658459 -5.185259
5.053202 -5.0394473
3.0890355 -4.7653294
-2.6833088 2.4812715
3.1990213 -1.9938362
4.1533546 -4.3798475
-7.300037 5.1404
6.3621187 -3.1180692
-5.566404 5.418315
2.3526835 -4.9501505
3.5389762 -3.7037067
3.5560596 -3.191599
-5.9498334 7.874582
5.299262 -6.860428
-3.5379853 4.801764
3.2194343 -2.002407
3.7919893 -4.808838
3.0168521 -4.089421
4.983224 -4.6158385
-10.809575 11.344838
2.9102957 -3.0487764
4.373259 -4.025878
-4.8275313 4.9777236
