-3.551402 4.7001896
-13.526705 11.683256
7.245604 -7.519469
3.000602 -3.1041973
-3.887569 2.1044743
-6.570279 7.934144
2.1728692 -2.9731786
-2.5165343 1.2842922
3.9036605 -3.303855
1.7485839 -2.951548
4.4238334 -2.6855466
-2.3869832 2.461351
2.996842 -2.3087063
2.7735903 -2.2122152
2.2097726 -2.1064909
2.6230266 -2.0439265
-2.3668747 2.6016464
2.3881392 -4.814448
-3.0565832 1.9033931
2.3937235 -2.8525016
2.9512708 -3.491503
2.9364178 -3.2981288
-6.286069 5.6272573
2.6771052 -1.941248
-1.2301068 2.2160485
6.822081 -7.696469
-3.6117435 2.08602
-1.3835407 3.9122515
-5.5520287 5.1976357
3.1273494 -2.4339042
-0.99318177 2.7217326
-3.6207244 3.3859527
-3.4693372 2.7940285
-2.1084132 2.73528
2.6737854 -2.5048113
-2.8632605 2.374133
-2.6154902 2.0518763
2.0072186 -2.6153858
-4.8304796 5.3505783
-6.27738 6.300606
-2.6713083 2.4024649
6.968018 -8.422548
-3.192735 3.2027328
-5.3183303 0.45127416
-3.5599942 3.1985204
2.540897 -1.687696
-4.5230618 1.0275068
-2.8752384 4.638852
3.902446 -1.8188471
-4.669781 1.2295862
4.860924 -5.430811
5.146929 -5.5862007
-2.8013098 3.1493096
1.970551 -3.1036997
3.2019398 -2.1345584
2.5393023 -2.196776
8.131234 -3.8830214
3.0257905 -3.5913963
-3.0871537 1.0698769
5.1020117 -6.725404
-2.6570342 2.329035
-1.9599512 3.8532088
3.767055 -5.7723274
-7.4192133 6.5430984
