-2.6529317 3.479442
2.4681222 -3.055372
1.4783624 -2.217408
4.128874 -2.601752
4.298895 -4.912841
-3.2566671 1.7218858
3.2434146 -2.1738276
3.7817364 -1.3634714
-3.7739697 3.5326135
-5.1829176 4.5053573
-3.5650976 1.4036883
-4.8998246 2.9225686
-2.0387852 4.0801415
2.4554663 -3.2806745
-4.504179 3.5635219
-2.3513393 2.0310693
-3.6170058 2.263785
4.773826 -4.2909584
-4.2723045 4.9210267
-8.070114 9.424171
4.6308165 -3.313502
-3.6530416 4.9882174
-6.7183666 8.4194145
-1.4481715 3.6726084
4.4237275 -2.9080465
-3.038994 3.4800775
-6.849183 6.3285074
2.545555 -1.6747887
-4.287186 3.348848
-4.3628263 1.8900994
2.6793392 -1.0819572
2.8493483 -1.0244917
3.3201048 -1.921817
-6.9855494 3.4146311
2.376008 -2.6309376
5.7583222 -5.4581013
9.908896 -8.645503
-5.3989687 7.277153
-4.900653 2.5426698
0.8175525 -2.0531027
-5.4187374 2.4357193
1.7369941 -3.2645795
3.8298154 -3.8161058
2.5014446 -4.1787333
-2.4122257 2.209963
2.6838503 -1.4792608
3.4020169 -3.6285899
-6.0114317 3.8518603
5.3503327 -2.1066458
-4.2208223 4.0726967
1.4406183 -4.0376005
2.663573 -2.828496
3.1145492 -2.750322
-3.732587 5.6563897
4.3945813 -5.9559875
-2.934891 4.198318
2.936603 -1.7197688
2.8684692 -3.8857489
2.2583737 -3.329775
3.7715197 -3.4045322
-8.82288 9.358104
1.8060137 -1.9446688
3.7992203 -3.4519627
-3.5684447 3.7184556
