-3.7676368 4.595631
3.0987804 -3.6858025
2.5205545 -3.2594693
5.5317335 -4.003018
4.02247 -4.6364174
-4.456962 2.9229474
4.540438 -3.4710052
4.9266415 -2.508408
-5.1917415 4.9505944
-4.754496 4.0771184
-5.2083144 3.0476243
-6.2292566 4.2525277
-3.1759956 5.217667
4.102269 -4.9267163
-4.9329567 3.9924068
-2.9747307 2.6547072
-5.3014503 3.948392
5.010613 -4.5277114
-5.82728 6.4760475
-6.380039 7.734251
5.3459735 -4.028239
-4.7666874 6.1020513
-8.6317 10.332479
-2.5636232 4.7884
4.935715 -3.420031
-3.690147 4.131502
-7.090801 6.5711484
3.160012 -2.2889826
-5.6176972 4.679563
-5.2714233 2.7980144
3.9799745 -2.382102
3.483529 -1.6584523
3.8739996 -2.4752183
-7.8173327 4.2479253
3.2414174 -3.4960878
7.5231404 -7.2218165
9.806833 -8.543418
-6.6796813 8.5619955
-5.778815 3.4220753
1.2660382 -2.5013933
-7.0688033 4.0855856
3.6761677 -5.202884
4.966412 -4.952649
3.1069403 -4.7827506
-2.753478 2.551458
3.1553667 -1.9502652
4.228995 -4.455484
-7.130742 4.971108
6.5156493 -3.2716231
-5.714742 5.566652
2.3331676 -4.930853
3.3875074 -3.5522192
3.5735488 -3.2090693
-5.9930177 7.9177737
5.3341436 -6.895309
-3.6271806 4.8907013
3.220129 -2.0030508
3.8480134 -4.8642583
3.0393727 -4.112039
5.0200105 -4.6526217
-10.885538 11.420803
2.964229 -3.1026807
4.2739754 -3.9266574
-4.5650554 4.7152524
