-2.817299 3.6438174
2.6230893 -3.2103312
1.5815533 -2.3206377
4.372127 -2.84494
4.404529 -5.0184717
-3.4754653 1.9407446
3.367128 -2.2975361
3.895772 -1.4775391
-4.157609 3.9162033
-5.423314 4.745757
-3.6904593 1.52898
-5.239923 3.2626765
-2.26294 4.304403
2.57044 -3.3956368
-4.91362 3.9731474
-2.5274918 2.2072368
-4.066828 2.7135792
5.6872025 -5.2043333
-4.594666 5.243392
-8.596991 9.95101
4.8967376 -3.5796006
-3.9187388 5.2540874
-7.5199275 9.221019
-1.7142984 3.9388466
4.9795523 -3.4640133
-3.3444517 3.7855444
-6.8875833 6.3669105
2.7740154 -1.9031646
-4.598568 3.6601658
-4.781192 2.3086326
2.828517 -1.2310375
3.0577018 -1.2329718
3.559231 -2.1609683
-7.7405057 4.169704
2.6281343 -2.883054
6.7123275 -6.412104
10.671072 -9.407677
-6.214515 8.092769
-5.375129 3.0172346
0.91343653 -2.1489968
-5.8405013 2.857429
2.0982747 -3.6258116
4.2123833 -4.19868
2.6312146 -4.3084755
-2.5089297 2.3066788
2.7852442 -1.580616
3.6499581 -3.8765292
-6.511334 4.3516426
5.655695 -2.41205
-4.8166356 4.668513
1.6970304 -4.2940116
2.832709 -2.997625
3.4938216 -3.1295853
-4.298196 6.222109
5.163542 -6.724947
-3.2480185 4.511336
2.9266772 -1.7097782
3.122955 -4.1401954
2.8181744 -3.889564
3.8227782 -3.455789
-10.052034 10.587263
2.026364 -2.165067
4.1441154 -3.7969666
-4.1745267 4.324661
