-3.6834745 4.832315
-13.793962 11.950513
7.422645 -7.69651
3.1100514 -3.2136447
-3.9636102 2.1805189
-6.9800925 8.344059
2.225881 -3.0261872
-2.5375533 1.3052659
3.9712667 -3.371458
1.8780428 -3.0810113
4.648425 -2.910302
-2.38449 2.4588628
3.1306489 -2.4425094
2.8174655 -2.256087
2.2500274 -2.1467423
2.6722362 -2.0931337
-2.3324585 2.5672302
2.5298479 -4.956218
-3.2547848 2.1016018
2.4829986 -2.941773
2.9831834 -3.5234125
3.0961688 -3.4578772
-6.800565 6.141754
2.7876246 -2.0517483
-1.3514993 2.3374662
7.235289 -8.109663
-3.685988 2.1602685
-1.4769611 4.0056376
-5.740338 5.385946
3.1323767 -2.4389296
-1.0052856 2.733873
-3.6670525 3.4322844
-3.532061 2.8567557
-2.0805576 2.7074285
2.7289493 -2.5599725
-2.985652 2.4965289
-2.6899364 2.1263235
2.046317 -2.6544771
-4.9264874 5.4465866
-6.1923895 6.215616
-2.7330782 2.4642391
6.9187326 -8.372994
-3.2962272 3.3062265
-5.3798623 0.5128726
-3.6855094 3.3240395
2.6404042 -1.7872589
-4.56122 1.0657269
-2.9493003 4.7129054
3.9832263 -1.8996366
-4.7539296 1.3137628
5.0339456 -5.603832
5.4261413 -5.865413
-3.0022426 3.3502457
1.9982549 -3.1313853
3.2840707 -2.216686
2.5717244 -2.2291944
8.754868 -4.5067053
3.0538018 -3.6194053
-3.1653116 1.1479803
5.053245 -6.6766367
-2.7021856 2.3741899
-2.0038817 3.8971765
3.9008722 -5.906156
-7.717018 6.8409033
