-3.0183477 3.8448749
2.717588 -3.3048239
1.6208377 -2.3599987
4.4425464 -2.9152875
4.0968947 -4.710836
-3.518395 1.98374
3.5189493 -2.449354
4.0076466 -1.5893254
-4.3861866 4.1447735
-5.2416134 4.5640583
-3.796856 1.6354421
-5.4872813 3.510076
-2.2125912 4.254199
2.6478431 -3.4730337
-4.952292 4.011878
-2.5917122 2.2714615
-4.225458 2.8722024
5.8304124 -5.3475447
-4.594207 5.2429323
-8.7803955 10.134415
4.854205 -3.5369742
-4.080573 5.415878
-7.6854944 9.387004
-1.8478835 4.072394
5.1663 -3.6508152
-3.6392293 4.080315
-6.751429 6.2307563
2.8321376 -1.9613107
-4.5718703 3.633551
-5.030765 2.5581357
3.0166764 -1.4192055
3.038615 -1.2138937
3.6738238 -2.2755575
-8.023389 4.4527435
2.706781 -2.9616947
6.8255944 -6.52537
10.760433 -9.497037
-6.350325 8.2279415
-5.390326 3.0325444
0.998491 -2.2340305
-6.1795263 3.1965296
2.2748897 -3.8024185
4.3142514 -4.3005447
2.65874 -4.33606
-2.5338533 2.3316078
2.8353174 -1.6306137
3.5845094 -3.8110754
-6.7393856 4.5796943
6.0045214 -2.7608757
-4.6227727 4.47465
1.784769 -4.3818245
2.9303203 -3.0952315
3.6800952 -3.3158524
-4.596063 6.5199804
5.5668306 -7.128235
-3.3368404 4.600218
2.9282768 -1.711424
3.094657 -4.1119275
3.0651002 -4.136707
3.865664 -3.4986753
-9.656558 10.19179
2.156118 -2.2948127
4.0845904 -3.7375333
-4.100757 4.250891
