-4.0444226 5.19327
-14.415772 12.572324
6.8298593 -7.1037235
3.316207 -3.419795
-4.2260056 2.4427862
-7.2389073 8.602754
2.2814455 -3.081744
-2.68042 1.44807
3.991874 -3.3920608
1.9556967 -3.1586585
4.9822636 -3.2441812
-2.5392954 2.6136749
3.1950362 -2.5068905
3.0236833 -2.4622967
2.3294456 -2.2261548
2.684942 -2.1058323
-2.3260934 2.5608666
2.745962 -5.172425
-3.3792531 2.2260785
2.5337596 -2.9925284
3.171602 -3.7118285
3.2667234 -3.6284232
-6.8785944 6.2197857
2.6955144 -1.9596376
-1.5396198 2.5255406
7.423696 -8.298049
-3.8706203 2.3449073
-1.6893412 4.218134
-6.290565 5.936175
3.2775738 -2.584124
-1.081098 2.8097072
-3.7182972 3.4835324
-3.614035 2.9387372
-2.1139913 2.7408683
2.9905765 -2.8215973
-3.0669415 2.5778239
-2.8051517 2.2415414
2.230741 -2.8388982
-5.007095 5.5271974
-6.389586 6.412813
-2.7386086 2.4697752
6.7138376 -8.168327
-3.4333475 3.4433482
-5.460993 0.5940296
-3.7879536 3.426491
2.9334936 -2.0802908
-4.518808 1.0233822
-3.1472461 4.9108005
4.166127 -2.082686
-4.8170424 1.3768442
5.2335215 -5.803409
5.7037416 -6.143013
-3.3466134 3.694626
2.0901554 -3.2233145
3.341046 -2.2736564
2.8310153 -2.488476
9.449259 -5.201016
3.2245812 -3.7901757
-3.172361 1.155163
4.414205 -6.0375943
-2.7774706 2.4494824
-1.980242 3.8735316
4.3770022 -6.382229
-8.916587 8.040239
