-3.109932 3.936462
2.748404 -3.3356364
1.737677 -2.476902
4.510023 -2.982705
4.0793586 -4.6932974
-3.5360389 2.0013697
3.4999194 -2.4303226
4.0498424 -1.6315202
-4.439597 4.198188
-5.204938 4.5273843
-3.8335955 1.6721804
-5.50111 3.5239816
-2.202623 4.2442784
2.748005 -3.5731905
-4.933431 3.9930627
-2.573092 2.2528448
-4.26049 2.907276
5.961327 -5.4784594
-4.6958957 5.344623
-8.615297 9.969317
4.83492 -3.517615
-4.230588 5.5658937
-7.585795 9.287203
-1.8614057 4.085903
5.17546 -3.6599813
-3.7954624 4.236483
-6.7499475 6.229275
2.8650355 -1.9942898
-4.5980163 3.6597288
-5.022297 2.549673
3.0360646 -1.4386071
3.0330079 -1.2083392
3.722811 -2.3245409
-7.9952784 4.424696
2.775017 -3.0299277
6.790647 -6.4904227
11.112831 -9.849434
-6.4240384 8.301574
-5.359629 3.0018692
0.9976702 -2.2331915
-6.3156996 3.3327343
2.345447 -3.8729737
4.424472 -4.410763
2.7459943 -4.423363
-2.501134 2.2988918
2.8907194 -1.6860304
3.6845405 -3.9111056
-6.999445 4.839753
6.0803137 -2.8368092
-4.7249002 4.5767784
1.7932873 -4.390335
2.9770222 -3.1419327
3.7176 -3.3533533
-4.5091143 6.433032
5.658999 -7.220404
-3.3683562 4.6316195
2.926009 -1.7091451
3.029544 -4.046944
3.064963 -4.136601
3.809456 -3.4424655
-9.392882 9.928116
2.173119 -2.3118105
3.9525208 -3.6054134
-4.082544 4.232679
