-4.2817616 5.4306087
-16.676739 14.8343935
7.844405 -8.117993
3.4920385 -3.5956156
-4.5242643 2.7412066
-7.6793294 9.043427
2.478241 -3.2785277
-2.8876326 1.6551787
4.067778 -3.468156
2.1015265 -3.3045354
5.187877 -3.4497206
-2.7316601 2.8060486
3.2423632 -2.5542052
3.0720854 -2.510689
2.4491303 -2.3458283
2.7112663 -2.1321476
-2.321521 2.5563042
2.945021 -5.3713775
-3.5242023 2.3710387
2.8171558 -3.275916
3.2189252 -3.7591498
3.3626776 -3.724367
-7.3195357 6.66073
2.7084863 -1.9725493
-1.7301569 2.7160192
8.499034 -9.373366
-4.0931125 2.5672529
-1.7204689 4.249403
-6.3573103 6.00292
3.2992387 -2.6057858
-1.0281897 2.7568142
-3.853024 3.618266
-3.6118731 2.9365842
-2.1782537 2.8051383
3.0874054 -2.9184246
-3.1140985 2.624997
-2.8139958 2.2503896
2.4172893 -3.0254424
-5.3330193 5.8531246
-6.582765 6.605994
-2.7780485 2.509226
7.1218114 -8.575617
-3.4946198 3.5046232
-5.597779 0.73078847
-3.8311827 3.4697318
3.0988505 -2.2456367
-4.4977713 1.0023524
-3.620832 5.384163
4.388708 -2.3052163
-4.920185 1.4799752
5.0945344 -5.664421
6.0911613 -6.5304303
-3.7304442 4.0784616
2.2287202 -3.36187
3.4727213 -2.405327
3.0289462 -2.686397
9.825434 -5.5773554
3.4113848 -3.976967
-3.2202733 1.203065
4.2767215 -5.900109
-2.9485273 2.620551
-2.1624672 4.0557203
4.3780003 -6.383227
-9.910961 9.034615
