-4.2889705 5.4378185
-17.34531 15.505851
7.8841553 -8.157799
3.6072514 -3.710823
-4.644337 2.861062
-8.154975 9.518913
2.6768582 -3.4771383
-2.987169 1.7547187
4.093003 -3.4934418
2.110555 -3.313555
5.396582 -3.6585002
-2.7529333 2.827326
3.344856 -2.6566923
3.1315448 -2.570141
2.5686448 -2.4653373
2.7467601 -2.1676362
-2.3634114 2.5982015
3.026024 -5.4525027
-3.6136105 2.460453
2.8805182 -3.3392727
3.3597867 -3.9000092
3.4183652 -3.78005
-7.0967894 6.4379845
2.7942243 -2.058372
-1.8454639 2.8313785
8.703808 -9.578136
-4.2614756 2.7355754
-1.7746574 4.3037233
-6.105374 5.750984
3.3952272 -2.7017705
-1.1167634 2.845379
-3.959513 3.7247584
-3.6699376 2.9946551
-2.2303374 2.8572278
3.0511923 -2.882209
-3.2623556 2.773259
-2.7847047 2.2211008
2.5602815 -3.168433
-5.3854785 5.9055877
-5.9362745 5.959505
-2.7775812 2.5087628
7.3535604 -8.807444
-3.6657526 3.675758
-5.7051234 0.8380651
-3.9313073 3.5698621
3.2291152 -2.3758917
-4.600075 1.1044862
-3.723717 5.4870563
4.434545 -2.3511612
-4.830318 1.3902361
5.163764 -5.7336493
6.0894647 -6.52873
-3.9341502 4.282372
2.222121 -3.3552656
3.4577312 -2.3903341
3.1123605 -2.7698035
10.448948 -6.201065
3.5716736 -4.137216
-3.3360677 1.3188522
4.1595483 -5.782933
-3.1819687 2.8539994
-2.1847403 4.07816
4.4579186 -6.463143
-10.3054 9.429051
