-4.259579 5.408427
-17.266212 15.425389
7.8208055 -8.094434
3.5385175 -3.6420922
-4.6041512 2.8210254
-7.9243865 9.288287
2.5735273 -3.373811
-2.9490464 1.716584
4.0910783 -3.4915068
2.1061268 -3.3091319
5.2824626 -3.5443327
-2.735717 2.810107
3.290273 -2.6021125
3.1121178 -2.550716
2.5011141 -2.3978088
2.740089 -2.1609683
-2.3119526 2.5467389
2.9879112 -5.414353
-3.563126 2.409965
2.8551471 -3.3139055
3.306112 -3.846336
3.3693252 -3.7310128
-7.3124623 6.6536565
2.7378507 -2.001995
-1.7704136 2.756321
8.731687 -9.606018
-4.189794 2.6639562
-1.7318193 4.260811
-6.2006407 5.84625
3.295166 -2.6017103
-1.0563756 2.785018
-3.9257898 3.6910336
-3.6424313 2.9671445
-2.207008 2.8338962
3.0259206 -2.856939
-3.1571074 2.6680083
-2.797997 2.234392
2.4423625 -3.0505145
-5.32694 5.847048
-6.233421 6.256651
-2.7891724 2.5203521
7.187708 -8.641563
-3.6057014 3.615705
-5.6513224 0.78430563
-3.885489 3.5240414
3.1925063 -2.339288
-4.554243 1.0586966
-3.6789622 5.442358
4.4061193 -2.3227417
-4.9017696 1.461694
5.1894083 -5.7592936
6.0870934 -6.5263596
-3.8387754 4.186851
2.2324262 -3.365574
3.4286246 -2.3612294
3.0558102 -2.713257
10.076706 -5.8287234
3.514552 -4.080097
-3.2908337 1.2736018
4.135801 -5.7591863
-3.0560293 2.7280555
-2.1729727 4.066339
4.4375453 -6.442771
-10.174635 9.298286
